path,h1,h2,h3,nframes,fps,size,hash_bits,n_hashes,valid
/lustre/isaac24/scratch/eopoku2/downey_cross_sucking_videos_2024/Group 1 Day 1/._N884A6_ch7_main_20240706043000_20240706050001.mp4,-1,-1,-1,-1,-1.0,4096,256,3,False
/lustre/isaac24/scratch/eopoku2/downey_cross_sucking_videos_2024/Group 1 Day 1/._N884A6_ch7_main_20240706050001_20240706053001.mp4,-1,-1,-1,-1,-1.0,4096,256,3,False
/lustre/isaac24/scratch/eopoku2/downey_cross_sucking_videos_2024/Group 1 Day 1/._N884A6_ch7_main_20240706053001_20240706060001.mp4,-1,-1,-1,-1,-1.0,4096,256,3,False
/lustre/isaac24/scratch/eopoku2/downey_cross_sucking_videos_2024/Group 1 Day 1/._N884A6_ch7_main_20240706060001_20240706063001.mp4,-1,-1,-1,-1,-1.0,4096,256,3,False
/lustre/isaac24/scratch/eopoku2/downey_cross_sucking_videos_2024/Group 1 Day 1/._N884A6_ch7_main_20240706063001_20240706070001.mp4,-1,-1,-1,-1,-1.0,4096,256,3,False
/lustre/isaac24/scratch/eopoku2/downey_cross_sucking_videos_2024/Group 1 Day 1/._N884A6_ch7_main_20240706070001_20240706073001.mp4,-1,-1,-1,-1,-1.0,4096,256,3,False
/lustre/isaac24/scratch/eopoku2/downey_cross_sucking_videos_2024/Group 1 Day 1/._N884A6_ch7_main_20240706073001_20240706080001.mp4,-1,-1,-1,-1,-1.0,4096,256,3,False
/lustre/isaac24/scratch/eopoku2/downey_cross_sucking_videos_2024/Group 1 Day 1/._N884A6_ch7_main_20240706080001_20240706083001.mp4,-1,-1,-1,-1,-1.0,4096,256,3,False
/lustre/isaac24/scratch/eopoku2/downey_cross_sucking_videos_2024/Group 1 Day 1/._N884A6_ch7_main_20240706083001_20240706090001.mp4,-1,-1,-1,-1,-1.0,4096,256,3,False
/lustre/isaac24/scratch/eopoku2/downey_cross_sucking_videos_2024/Group 1 Day 1/._N884A6_ch7_main_20240706090001_20240706093001.mp4,-1,-1,-1,-1,-1.0,4096,256,3,False
/lustre/isaac24/scratch/eopoku2/downey_cross_sucking_videos_2024/Group 1 Day 1/._N884A6_ch7_main_20240706093001_20240706100001.mp4,-1,-1,-1,-1,-1.0,4096,256,3,False
/lustre/isaac24/scratch/eopoku2/downey_cross_sucking_videos_2024/Group 1 Day 1/._N884A6_ch7_main_20240706100001_20240706103001.mp4,-1,-1,-1,-1,-1.0,4096,256,3,False
/lustre/isaac24/scratch/eopoku2/downey_cross_sucking_videos_2024/Group 1 Day 1/._N884A6_ch7_main_20240706103001_20240706110001.mp4,-1,-1,-1,-1,-1.0,4096,256,3,False
/lustre/isaac24/scratch/eopoku2/downey_cross_sucking_videos_2024/Group 1 Day 1/._N884A6_ch7_main_20240706110001_20240706113001.mp4,-1,-1,-1,-1,-1.0,4096,256,3,False
/lustre/isaac24/scratch/eopoku2/downey_cross_sucking_videos_2024/Group 1 Day 1/._N884A6_ch7_main_20240706113001_20240706120001.mp4,-1,-1,-1,-1,-1.0,4096,256,3,False
/lustre/isaac24/scratch/eopoku2/downey_cross_sucking_videos_2024/Group 1 Day 1/._N884A6_ch7_main_20240706120001_20240706123001.mp4,-1,-1,-1,-1,-1.0,4096,256,3,False
/lustre/isaac24/scratch/eopoku2/downey_cross_sucking_videos_2024/Group 1 Day 1/._N884A6_ch7_main_20240706123001_20240706130001.mp4,-1,-1,-1,-1,-1.0,4096,256,3,False
/lustre/isaac24/scratch/eopoku2/downey_cross_sucking_videos_2024/Group 1 Day 1/._N884A6_ch7_main_20240706130001_20240706133001.mp4,-1,-1,-1,-1,-1.0,4096,256,3,False
/lustre/isaac24/scratch/eopoku2/downey_cross_sucking_videos_2024/Group 1 Day 1/._N884A6_ch7_main_20240706133001_20240706140001.mp4,-1,-1,-1,-1,-1.0,4096,256,3,False
/lustre/isaac24/scratch/eopoku2/downey_cross_sucking_videos_2024/Group 1 Day 1/._N884A6_ch7_main_20240706140001_20240706143001.mp4,-1,-1,-1,-1,-1.0,4096,256,3,False
/lustre/isaac24/scratch/eopoku2/downey_cross_sucking_videos_2024/Group 1 Day 1/._N884A6_ch7_main_20240706143001_20240706150001.mp4,-1,-1,-1,-1,-1.0,4096,256,3,False
/lustre/isaac24/scratch/eopoku2/downey_cross_sucking_videos_2024/Group 1 Day 1/._N884A6_ch7_main_20240706150001_20240706153001.mp4,-1,-1,-1,-1,-1.0,4096,256,3,False
/lustre/isaac24/scratch/eopoku2/downey_cross_sucking_videos_2024/Group 1 Day 1/._N884A6_ch7_main_20240706153001_20240706160001.mp4,-1,-1,-1,-1,-1.0,4096,256,3,False
/lustre/isaac24/scratch/eopoku2/downey_cross_sucking_videos_2024/Group 1 Day 1/._N884A6_ch7_main_20240706160001_20240706163001.mp4,-1,-1,-1,-1,-1.0,4096,256,3,False
/lustre/isaac24/scratch/eopoku2/downey_cross_sucking_videos_2024/Group 1 Day 1/._N884A6_ch7_main_20240706163001_20240706170001.mp4,-1,-1,-1,-1,-1.0,4096,256,3,False
/lustre/isaac24/scratch/eopoku2/downey_cross_sucking_videos_2024/Group 1 Day 1/._N884A6_ch7_main_20240706170001_20240706173001.mp4,-1,-1,-1,-1,-1.0,4096,256,3,False
/lustre/isaac24/scratch/eopoku2/downey_cross_sucking_videos_2024/Group 1 Day 1/._N884A6_ch7_main_20240706173001_20240706180001.mp4,-1,-1,-1,-1,-1.0,4096,256,3,False
/lustre/isaac24/scratch/eopoku2/downey_cross_sucking_videos_2024/Group 1 Day 1/._N884A6_ch7_main_20240706180001_20240706183001.mp4,-1,-1,-1,-1,-1.0,4096,256,3,False
/lustre/isaac24/scratch/eopoku2/downey_cross_sucking_videos_2024/Group 1 Day 1/._N884A6_ch7_main_20240706183001_20240706190001.mp4,-1,-1,-1,-1,-1.0,4096,256,3,False
/lustre/isaac24/scratch/eopoku2/downey_cross_sucking_videos_2024/Group 1 Day 1/._N884A6_ch7_main_20240706190001_20240706193001.mp4,-1,-1,-1,-1,-1.0,4096,256,3,False
/lustre/isaac24/scratch/eopoku2/downey_cross_sucking_videos_2024/Group 1 Day 1/._N884A6_ch7_main_20240706193001_20240706200001.mp4,-1,-1,-1,-1,-1.0,4096,256,3,False
/lustre/isaac24/scratch/eopoku2/downey_cross_sucking_videos_2024/Group 1 Day 1/._N884A6_ch7_main_20240706200001_20240706203001.mp4,-1,-1,-1,-1,-1.0,4096,256,3,False
/lustre/isaac24/scratch/eopoku2/downey_cross_sucking_videos_2024/Group 1 Day 1/._N884A6_ch7_main_20240706203001_20240706210001.mp4,-1,-1,-1,-1,-1.0,4096,256,3,False
/lustre/isaac24/scratch/eopoku2/downey_cross_sucking_videos_2024/Group 1 Day 1/._N884A6_ch7_main_20240706210001_20240706213001.mp4,-1,-1,-1,-1,-1.0,4096,256,3,False
/lustre/isaac24/scratch/eopoku2/downey_cross_sucking_videos_2024/Group 1 Day 1/._N884A6_ch7_main_20240706213001_20240706220001.mp4,-1,-1,-1,-1,-1.0,4096,256,3,False
/lustre/isaac24/scratch/eopoku2/downey_cross_sucking_videos_2024/Group 1 Day 1/._N884A6_ch7_main_20240706220001_20240706223001.mp4,-1,-1,-1,-1,-1.0,4096,256,3,False
/lustre/isaac24/scratch/eopoku2/downey_cross_sucking_videos_2024/Group 1 Day 1/._N884A6_ch7_main_20240706223001_20240706230001.mp4,-1,-1,-1,-1,-1.0,4096,256,3,False
/lustre/isaac24/scratch/eopoku2/downey_cross_sucking_videos_2024/Group 1 Day 1/._N884A6_ch7_main_20240706230001_20240706233001.mp4,-1,-1,-1,-1,-1.0,4096,256,3,False
/lustre/isaac24/scratch/eopoku2/downey_cross_sucking_videos_2024/Group 1 Day 1/._N884A6_ch7_main_20240706233001_20240707000000.mp4,-1,-1,-1,-1,-1.0,4096,256,3,False
/lustre/isaac24/scratch/eopoku2/downey_cross_sucking_videos_2024/Group 1 Day 1/._N884A6_ch7_main_20240707000000_20240707003001.mp4,-1,-1,-1,-1,-1.0,4096,256,3,False
/lustre/isaac24/scratch/eopoku2/downey_cross_sucking_videos_2024/Group 1 Day 1/._N884A6_ch7_main_20240707003001_20240707010001.mp4,-1,-1,-1,-1,-1.0,4096,256,3,False
/lustre/isaac24/scratch/eopoku2/downey_cross_sucking_videos_2024/Group 1 Day 1/._N884A6_ch7_main_20240707010001_20240707013001.mp4,-1,-1,-1,-1,-1.0,4096,256,3,False
/lustre/isaac24/scratch/eopoku2/downey_cross_sucking_videos_2024/Group 1 Day 1/._N884A6_ch7_main_20240707013001_20240707020001.mp4,-1,-1,-1,-1,-1.0,4096,256,3,False
/lustre/isaac24/scratch/eopoku2/downey_cross_sucking_videos_2024/Group 1 Day 1/._N884A6_ch7_main_20240707020001_20240707023001.mp4,-1,-1,-1,-1,-1.0,4096,256,3,False
/lustre/isaac24/scratch/eopoku2/downey_cross_sucking_videos_2024/Group 1 Day 1/._N884A6_ch7_main_20240707023001_20240707030001.mp4,-1,-1,-1,-1,-1.0,4096,256,3,False
/lustre/isaac24/scratch/eopoku2/downey_cross_sucking_videos_2024/Group 1 Day 1/._N884A6_ch7_main_20240707030001_20240707033001.mp4,-1,-1,-1,-1,-1.0,4096,256,3,False
/lustre/isaac24/scratch/eopoku2/downey_cross_sucking_videos_2024/Group 1 Day 1/._N884A6_ch7_main_20240707033001_20240707040001.mp4,-1,-1,-1,-1,-1.0,4096,256,3,False
/lustre/isaac24/scratch/eopoku2/downey_cross_sucking_videos_2024/Group 1 Day 1/._N884A6_ch7_main_20240707040001_20240707043001.mp4,-1,-1,-1,-1,-1.0,4096,256,3,False
/lustre/isaac24/scratch/eopoku2/downey_cross_sucking_videos_2024/Group 1 Day 1/._N884A6_ch7_main_20240707043001_20240707050000.mp4,-1,-1,-1,-1,-1.0,4096,256,3,False
/lustre/isaac24/scratch/eopoku2/downey_cross_sucking_videos_2024/Group 1 Day 1/._N884A6_ch8_main_20240706043000_20240706050002.mp4,-1,-1,-1,-1,-1.0,4096,256,3,False
/lustre/isaac24/scratch/eopoku2/downey_cross_sucking_videos_2024/Group 1 Day 1/._N884A6_ch8_main_20240706050002_20240706053002.mp4,-1,-1,-1,-1,-1.0,4096,256,3,False
/lustre/isaac24/scratch/eopoku2/downey_cross_sucking_videos_2024/Group 1 Day 1/._N884A6_ch8_main_20240706053002_20240706060002.mp4,-1,-1,-1,-1,-1.0,4096,256,3,False
/lustre/isaac24/scratch/eopoku2/downey_cross_sucking_videos_2024/Group 1 Day 1/._N884A6_ch8_main_20240706060002_20240706063002.mp4,-1,-1,-1,-1,-1.0,4096,256,3,False
/lustre/isaac24/scratch/eopoku2/downey_cross_sucking_videos_2024/Group 1 Day 1/._N884A6_ch8_main_20240706063002_20240706070002.mp4,-1,-1,-1,-1,-1.0,4096,256,3,False
/lustre/isaac24/scratch/eopoku2/downey_cross_sucking_videos_2024/Group 1 Day 1/._N884A6_ch8_main_20240706070002_20240706073002.mp4,-1,-1,-1,-1,-1.0,4096,256,3,False
/lustre/isaac24/scratch/eopoku2/downey_cross_sucking_videos_2024/Group 1 Day 1/._N884A6_ch8_main_20240706073002_20240706080002.mp4,-1,-1,-1,-1,-1.0,4096,256,3,False
/lustre/isaac24/scratch/eopoku2/downey_cross_sucking_videos_2024/Group 1 Day 1/._N884A6_ch8_main_20240706080002_20240706083002.mp4,-1,-1,-1,-1,-1.0,4096,256,3,False
/lustre/isaac24/scratch/eopoku2/downey_cross_sucking_videos_2024/Group 1 Day 1/._N884A6_ch8_main_20240706083002_20240706090002.mp4,-1,-1,-1,-1,-1.0,4096,256,3,False
/lustre/isaac24/scratch/eopoku2/downey_cross_sucking_videos_2024/Group 1 Day 1/._N884A6_ch8_main_20240706090002_20240706093003.mp4,-1,-1,-1,-1,-1.0,4096,256,3,False
/lustre/isaac24/scratch/eopoku2/downey_cross_sucking_videos_2024/Group 1 Day 1/._N884A6_ch8_main_20240706093003_20240706100002.mp4,-1,-1,-1,-1,-1.0,4096,256,3,False
/lustre/isaac24/scratch/eopoku2/downey_cross_sucking_videos_2024/Group 1 Day 1/._N884A6_ch8_main_20240706100002_20240706103002.mp4,-1,-1,-1,-1,-1.0,4096,256,3,False
/lustre/isaac24/scratch/eopoku2/downey_cross_sucking_videos_2024/Group 1 Day 1/._N884A6_ch8_main_20240706103002_20240706110002.mp4,-1,-1,-1,-1,-1.0,4096,256,3,False
/lustre/isaac24/scratch/eopoku2/downey_cross_sucking_videos_2024/Group 1 Day 1/._N884A6_ch8_main_20240706110002_20240706113002.mp4,-1,-1,-1,-1,-1.0,4096,256,3,False
/lustre/isaac24/scratch/eopoku2/downey_cross_sucking_videos_2024/Group 1 Day 1/._N884A6_ch8_main_20240706113002_20240706120002.mp4,-1,-1,-1,-1,-1.0,4096,256,3,False
/lustre/isaac24/scratch/eopoku2/downey_cross_sucking_videos_2024/Group 1 Day 1/._N884A6_ch8_main_20240706120002_20240706123002.mp4,-1,-1,-1,-1,-1.0,4096,256,3,False
/lustre/isaac24/scratch/eopoku2/downey_cross_sucking_videos_2024/Group 1 Day 1/._N884A6_ch8_main_20240706123002_20240706130002.mp4,-1,-1,-1,-1,-1.0,4096,256,3,False
/lustre/isaac24/scratch/eopoku2/downey_cross_sucking_videos_2024/Group 1 Day 1/._N884A6_ch8_main_20240706130002_20240706133002.mp4,-1,-1,-1,-1,-1.0,4096,256,3,False
/lustre/isaac24/scratch/eopoku2/downey_cross_sucking_videos_2024/Group 1 Day 1/._N884A6_ch8_main_20240706133002_20240706140002.mp4,-1,-1,-1,-1,-1.0,4096,256,3,False
/lustre/isaac24/scratch/eopoku2/downey_cross_sucking_videos_2024/Group 1 Day 1/._N884A6_ch8_main_20240706140002_20240706143002.mp4,-1,-1,-1,-1,-1.0,4096,256,3,False
/lustre/isaac24/scratch/eopoku2/downey_cross_sucking_videos_2024/Group 1 Day 1/._N884A6_ch8_main_20240706143002_20240706150002.mp4,-1,-1,-1,-1,-1.0,4096,256,3,False
/lustre/isaac24/scratch/eopoku2/downey_cross_sucking_videos_2024/Group 1 Day 1/._N884A6_ch8_main_20240706150002_20240706153002.mp4,-1,-1,-1,-1,-1.0,4096,256,3,False
/lustre/isaac24/scratch/eopoku2/downey_cross_sucking_videos_2024/Group 1 Day 1/._N884A6_ch8_main_20240706153002_20240706160002.mp4,-1,-1,-1,-1,-1.0,4096,256,3,False
/lustre/isaac24/scratch/eopoku2/downey_cross_sucking_videos_2024/Group 1 Day 1/._N884A6_ch8_main_20240706160002_20240706163002.mp4,-1,-1,-1,-1,-1.0,4096,256,3,False
/lustre/isaac24/scratch/eopoku2/downey_cross_sucking_videos_2024/Group 1 Day 1/._N884A6_ch8_main_20240706163002_20240706170002.mp4,-1,-1,-1,-1,-1.0,4096,256,3,False
/lustre/isaac24/scratch/eopoku2/downey_cross_sucking_videos_2024/Group 1 Day 1/._N884A6_ch8_main_20240706170002_20240706173002.mp4,-1,-1,-1,-1,-1.0,4096,256,3,False
/lustre/isaac24/scratch/eopoku2/downey_cross_sucking_videos_2024/Group 1 Day 1/._N884A6_ch8_main_20240706173002_20240706180002.mp4,-1,-1,-1,-1,-1.0,4096,256,3,False
/lustre/isaac24/scratch/eopoku2/downey_cross_sucking_videos_2024/Group 1 Day 1/._N884A6_ch8_main_20240706180002_20240706183002.mp4,-1,-1,-1,-1,-1.0,4096,256,3,False
/lustre/isaac24/scratch/eopoku2/downey_cross_sucking_videos_2024/Group 1 Day 1/._N884A6_ch8_main_20240706183002_20240706190002.mp4,-1,-1,-1,-1,-1.0,4096,256,3,False
/lustre/isaac24/scratch/eopoku2/downey_cross_sucking_videos_2024/Group 1 Day 1/._N884A6_ch8_main_20240706190002_20240706193002.mp4,-1,-1,-1,-1,-1.0,4096,256,3,False
/lustre/isaac24/scratch/eopoku2/downey_cross_sucking_videos_2024/Group 1 Day 1/._N884A6_ch8_main_20240706193002_20240706200002.mp4,-1,-1,-1,-1,-1.0,4096,256,3,False
/lustre/isaac24/scratch/eopoku2/downey_cross_sucking_videos_2024/Group 1 Day 1/._N884A6_ch8_main_20240706200002_20240706203002.mp4,-1,-1,-1,-1,-1.0,4096,256,3,False
/lustre/isaac24/scratch/eopoku2/downey_cross_sucking_videos_2024/Group 1 Day 1/._N884A6_ch8_main_20240706203002_20240706210002.mp4,-1,-1,-1,-1,-1.0,4096,256,3,False
/lustre/isaac24/scratch/eopoku2/downey_cross_sucking_videos_2024/Group 1 Day 1/._N884A6_ch8_main_20240706210002_20240706213002.mp4,-1,-1,-1,-1,-1.0,4096,256,3,False
/lustre/isaac24/scratch/eopoku2/downey_cross_sucking_videos_2024/Group 1 Day 1/._N884A6_ch8_main_20240706213002_20240706220002.mp4,-1,-1,-1,-1,-1.0,4096,256,3,False
/lustre/isaac24/scratch/eopoku2/downey_cross_sucking_videos_2024/Group 1 Day 1/._N884A6_ch8_main_20240706220002_20240706223002.mp4,-1,-1,-1,-1,-1.0,4096,256,3,False
/lustre/isaac24/scratch/eopoku2/downey_cross_sucking_videos_2024/Group 1 Day 1/._N884A6_ch8_main_20240706223002_20240706230002.mp4,-1,-1,-1,-1,-1.0,4096,256,3,False
/lustre/isaac24/scratch/eopoku2/downey_cross_sucking_videos_2024/Group 1 Day 1/._N884A6_ch8_main_20240706230002_20240706233002.mp4,-1,-1,-1,-1,-1.0,4096,256,3,False
/lustre/isaac24/scratch/eopoku2/downey_cross_sucking_videos_2024/Group 1 Day 1/._N884A6_ch8_main_20240706233002_20240707000000.mp4,-1,-1,-1,-1,-1.0,4096,256,3,False
/lustre/isaac24/scratch/eopoku2/downey_cross_sucking_videos_2024/Group 1 Day 1/._N884A6_ch8_main_20240707000000_20240707003002.mp4,-1,-1,-1,-1,-1.0,4096,256,3,False
/lustre/isaac24/scratch/eopoku2/downey_cross_sucking_videos_2024/Group 1 Day 1/._N884A6_ch8_main_20240707003002_20240707010002.mp4,-1,-1,-1,-1,-1.0,4096,256,3,False
/lustre/isaac24/scratch/eopoku2/downey_cross_sucking_videos_2024/Group 1 Day 1/._N884A6_ch8_main_20240707010002_20240707013002.mp4,-1,-1,-1,-1,-1.0,4096,256,3,False
/lustre/isaac24/scratch/eopoku2/downey_cross_sucking_videos_2024/Group 1 Day 1/._N884A6_ch8_main_20240707013002_20240707020002.mp4,-1,-1,-1,-1,-1.0,4096,256,3,False
/lustre/isaac24/scratch/eopoku2/downey_cross_sucking_videos_2024/Group 1 Day 1/._N884A6_ch8_main_20240707020002_20240707023002.mp4,-1,-1,-1,-1,-1.0,4096,256,3,False
/lustre/isaac24/scratch/eopoku2/downey_cross_sucking_videos_2024/Group 1 Day 1/._N884A6_ch8_main_20240707023002_20240707030002.mp4,-1,-1,-1,-1,-1.0,4096,256,3,False
/lustre/isaac24/scratch/eopoku2/downey_cross_sucking_videos_2024/Group 1 Day 1/._N884A6_ch8_main_20240707030002_20240707033002.mp4,-1,-1,-1,-1,-1.0,4096,256,3,False
/lustre/isaac24/scratch/eopoku2/downey_cross_sucking_videos_2024/Group 1 Day 1/._N884A6_ch8_main_20240707033002_20240707040002.mp4,-1,-1,-1,-1,-1.0,4096,256,3,False
/lustre/isaac24/scratch/eopoku2/downey_cross_sucking_videos_2024/Group 1 Day 1/._N884A6_ch8_main_20240707040002_20240707043002.mp4,-1,-1,-1,-1,-1.0,4096,256,3,False
/lustre/isaac24/scratch/eopoku2/downey_cross_sucking_videos_2024/Group 1 Day 1/._N884A6_ch8_main_20240707043002_20240707050001.mp4,-1,-1,-1,-1,-1.0,4096,256,3,False
/lustre/isaac24/scratch/eopoku2/downey_cross_sucking_videos_2024/Group 1 Day 1/._N884A6_ch9_main_20240706043000_20240706050003.mp4,-1,-1,-1,-1,-1.0,4096,256,3,False
/lustre/isaac24/scratch/eopoku2/downey_cross_sucking_videos_2024/Group 1 Day 1/._N884A6_ch9_main_20240706050003_20240706053003.mp4,-1,-1,-1,-1,-1.0,4096,256,3,False
/lustre/isaac24/scratch/eopoku2/downey_cross_sucking_videos_2024/Group 1 Day 1/._N884A6_ch9_main_20240706053003_20240706060003.mp4,-1,-1,-1,-1,-1.0,4096,256,3,False
/lustre/isaac24/scratch/eopoku2/downey_cross_sucking_videos_2024/Group 1 Day 1/._N884A6_ch9_main_20240706060003_20240706063003.mp4,-1,-1,-1,-1,-1.0,4096,256,3,False
/lustre/isaac24/scratch/eopoku2/downey_cross_sucking_videos_2024/Group 1 Day 1/._N884A6_ch9_main_20240706063003_20240706070003.mp4,-1,-1,-1,-1,-1.0,4096,256,3,False
/lustre/isaac24/scratch/eopoku2/downey_cross_sucking_videos_2024/Group 1 Day 1/._N884A6_ch9_main_20240706070003_20240706073003.mp4,-1,-1,-1,-1,-1.0,4096,256,3,False
/lustre/isaac24/scratch/eopoku2/downey_cross_sucking_videos_2024/Group 1 Day 1/._N884A6_ch9_main_20240706073003_20240706080003.mp4,-1,-1,-1,-1,-1.0,4096,256,3,False
/lustre/isaac24/scratch/eopoku2/downey_cross_sucking_videos_2024/Group 1 Day 1/._N884A6_ch9_main_20240706080003_20240706083003.mp4,-1,-1,-1,-1,-1.0,4096,256,3,False
/lustre/isaac24/scratch/eopoku2/downey_cross_sucking_videos_2024/Group 1 Day 1/._N884A6_ch9_main_20240706083003_20240706090003.mp4,-1,-1,-1,-1,-1.0,4096,256,3,False
/lustre/isaac24/scratch/eopoku2/downey_cross_sucking_videos_2024/Group 1 Day 1/._N884A6_ch9_main_20240706090003_20240706093003.mp4,-1,-1,-1,-1,-1.0,4096,256,3,False
/lustre/isaac24/scratch/eopoku2/downey_cross_sucking_videos_2024/Group 1 Day 1/._N884A6_ch9_main_20240706093003_20240706100003.mp4,-1,-1,-1,-1,-1.0,4096,256,3,False
/lustre/isaac24/scratch/eopoku2/downey_cross_sucking_videos_2024/Group 1 Day 1/._N884A6_ch9_main_20240706100003_20240706103003.mp4,-1,-1,-1,-1,-1.0,4096,256,3,False
/lustre/isaac24/scratch/eopoku2/downey_cross_sucking_videos_2024/Group 1 Day 1/._N884A6_ch9_main_20240706103003_20240706110003.mp4,-1,-1,-1,-1,-1.0,4096,256,3,False
/lustre/isaac24/scratch/eopoku2/downey_cross_sucking_videos_2024/Group 1 Day 1/._N884A6_ch9_main_20240706110003_20240706113004.mp4,-1,-1,-1,-1,-1.0,4096,256,3,False
/lustre/isaac24/scratch/eopoku2/downey_cross_sucking_videos_2024/Group 1 Day 1/._N884A6_ch9_main_20240706113004_20240706120003.mp4,-1,-1,-1,-1,-1.0,4096,256,3,False
/lustre/isaac24/scratch/eopoku2/downey_cross_sucking_videos_2024/Group 1 Day 1/._N884A6_ch9_main_20240706120003_20240706123003.mp4,-1,-1,-1,-1,-1.0,4096,256,3,False
/lustre/isaac24/scratch/eopoku2/downey_cross_sucking_videos_2024/Group 1 Day 1/._N884A6_ch9_main_20240706123003_20240706130003.mp4,-1,-1,-1,-1,-1.0,4096,256,3,False
/lustre/isaac24/scratch/eopoku2/downey_cross_sucking_videos_2024/Group 1 Day 1/._N884A6_ch9_main_20240706130003_20240706133003.mp4,-1,-1,-1,-1,-1.0,4096,256,3,False
/lustre/isaac24/scratch/eopoku2/downey_cross_sucking_videos_2024/Group 1 Day 1/._N884A6_ch9_main_20240706133003_20240706140003.mp4,-1,-1,-1,-1,-1.0,4096,256,3,False
/lustre/isaac24/scratch/eopoku2/downey_cross_sucking_videos_2024/Group 1 Day 1/._N884A6_ch9_main_20240706140003_20240706143003.mp4,-1,-1,-1,-1,-1.0,4096,256,3,False
/lustre/isaac24/scratch/eopoku2/downey_cross_sucking_videos_2024/Group 1 Day 1/._N884A6_ch9_main_20240706143003_20240706150003.mp4,-1,-1,-1,-1,-1.0,4096,256,3,False
/lustre/isaac24/scratch/eopoku2/downey_cross_sucking_videos_2024/Group 1 Day 1/._N884A6_ch9_main_20240706150003_20240706153003.mp4,-1,-1,-1,-1,-1.0,4096,256,3,False
/lustre/isaac24/scratch/eopoku2/downey_cross_sucking_videos_2024/Group 1 Day 1/._N884A6_ch9_main_20240706153003_20240706160003.mp4,-1,-1,-1,-1,-1.0,4096,256,3,False
/lustre/isaac24/scratch/eopoku2/downey_cross_sucking_videos_2024/Group 1 Day 1/._N884A6_ch9_main_20240706160003_20240706163003.mp4,-1,-1,-1,-1,-1.0,4096,256,3,False
/lustre/isaac24/scratch/eopoku2/downey_cross_sucking_videos_2024/Group 1 Day 1/._N884A6_ch9_main_20240706163003_20240706170003.mp4,-1,-1,-1,-1,-1.0,4096,256,3,False
/lustre/isaac24/scratch/eopoku2/downey_cross_sucking_videos_2024/Group 1 Day 1/._N884A6_ch9_main_20240706170003_20240706173003.mp4,-1,-1,-1,-1,-1.0,4096,256,3,False
/lustre/isaac24/scratch/eopoku2/downey_cross_sucking_videos_2024/Group 1 Day 1/._N884A6_ch9_main_20240706173003_20240706180003.mp4,-1,-1,-1,-1,-1.0,4096,256,3,False
/lustre/isaac24/scratch/eopoku2/downey_cross_sucking_videos_2024/Group 1 Day 1/._N884A6_ch9_main_20240706180003_20240706183003.mp4,-1,-1,-1,-1,-1.0,4096,256,3,False
/lustre/isaac24/scratch/eopoku2/downey_cross_sucking_videos_2024/Group 1 Day 1/._N884A6_ch9_main_20240706183003_20240706190003.mp4,-1,-1,-1,-1,-1.0,4096,256,3,False
/lustre/isaac24/scratch/eopoku2/downey_cross_sucking_videos_2024/Group 1 Day 1/._N884A6_ch9_main_20240706190003_20240706193003.mp4,-1,-1,-1,-1,-1.0,4096,256,3,False
/lustre/isaac24/scratch/eopoku2/downey_cross_sucking_videos_2024/Group 1 Day 1/._N884A6_ch9_main_20240706193003_20240706200003.mp4,-1,-1,-1,-1,-1.0,4096,256,3,False
/lustre/isaac24/scratch/eopoku2/downey_cross_sucking_videos_2024/Group 1 Day 1/._N884A6_ch9_main_20240706200003_20240706203003.mp4,-1,-1,-1,-1,-1.0,4096,256,3,False
/lustre/isaac24/scratch/eopoku2/downey_cross_sucking_videos_2024/Group 1 Day 1/._N884A6_ch9_main_20240706203003_20240706210003.mp4,-1,-1,-1,-1,-1.0,4096,256,3,False
/lustre/isaac24/scratch/eopoku2/downey_cross_sucking_videos_2024/Group 1 Day 1/._N884A6_ch9_main_20240706210003_20240706213003.mp4,-1,-1,-1,-1,-1.0,4096,256,3,False
/lustre/isaac24/scratch/eopoku2/downey_cross_sucking_videos_2024/Group 1 Day 1/._N884A6_ch9_main_20240706213003_20240706220003.mp4,-1,-1,-1,-1,-1.0,4096,256,3,False
/lustre/isaac24/scratch/eopoku2/downey_cross_sucking_videos_2024/Group 1 Day 1/._N884A6_ch9_main_20240706220003_20240706223003.mp4,-1,-1,-1,-1,-1.0,4096,256,3,False
/lustre/isaac24/scratch/eopoku2/downey_cross_sucking_videos_2024/Group 1 Day 1/._N884A6_ch9_main_20240706223003_20240706230003.mp4,-1,-1,-1,-1,-1.0,4096,256,3,False
/lustre/isaac24/scratch/eopoku2/downey_cross_sucking_videos_2024/Group 1 Day 1/._N884A6_ch9_main_20240706230003_20240706233003.mp4,-1,-1,-1,-1,-1.0,4096,256,3,False
/lustre/isaac24/scratch/eopoku2/downey_cross_sucking_videos_2024/Group 1 Day 1/._N884A6_ch9_main_20240706233003_20240707000000.mp4,-1,-1,-1,-1,-1.0,4096,256,3,False
/lustre/isaac24/scratch/eopoku2/downey_cross_sucking_videos_2024/Group 1 Day 1/._N884A6_ch9_main_20240707000000_20240707003003.mp4,-1,-1,-1,-1,-1.0,4096,256,3,False
/lustre/isaac24/scratch/eopoku2/downey_cross_sucking_videos_2024/Group 1 Day 1/._N884A6_ch9_main_20240707003003_20240707010003.mp4,-1,-1,-1,-1,-1.0,4096,256,3,False
/lustre/isaac24/scratch/eopoku2/downey_cross_sucking_videos_2024/Group 1 Day 1/._N884A6_ch9_main_20240707010003_20240707013003.mp4,-1,-1,-1,-1,-1.0,4096,256,3,False
/lustre/isaac24/scratch/eopoku2/downey_cross_sucking_videos_2024/Group 1 Day 1/._N884A6_ch9_main_20240707013003_20240707020003.mp4,-1,-1,-1,-1,-1.0,4096,256,3,False
/lustre/isaac24/scratch/eopoku2/downey_cross_sucking_videos_2024/Group 1 Day 1/._N884A6_ch9_main_20240707020003_20240707023003.mp4,-1,-1,-1,-1,-1.0,4096,256,3,False
/lustre/isaac24/scratch/eopoku2/downey_cross_sucking_videos_2024/Group 1 Day 1/._N884A6_ch9_main_20240707023003_20240707030003.mp4,-1,-1,-1,-1,-1.0,4096,256,3,False
/lustre/isaac24/scratch/eopoku2/downey_cross_sucking_videos_2024/Group 1 Day 1/._N884A6_ch9_main_20240707030003_20240707033003.mp4,-1,-1,-1,-1,-1.0,4096,256,3,False
/lustre/isaac24/scratch/eopoku2/downey_cross_sucking_videos_2024/Group 1 Day 1/._N884A6_ch9_main_20240707033003_20240707040003.mp4,-1,-1,-1,-1,-1.0,4096,256,3,False
/lustre/isaac24/scratch/eopoku2/downey_cross_sucking_videos_2024/Group 1 Day 1/._N884A6_ch9_main_20240707040003_20240707043003.mp4,-1,-1,-1,-1,-1.0,4096,256,3,False
/lustre/isaac24/scratch/eopoku2/downey_cross_sucking_videos_2024/Group 1 Day 1/._N884A6_ch9_main_20240707043003_20240707050002.mp4,-1,-1,-1,-1,-1.0,4096,256,3,False
/lustre/isaac24/scratch/eopoku2/downey_cross_sucking_videos_2024/Group 1 Day 1/._N884A6_ch10_main_20240706043000_20240706050004.mp4,-1,-1,-1,-1,-1.0,4096,256,3,False
/lustre/isaac24/scratch/eopoku2/downey_cross_sucking_videos_2024/Group 1 Day 1/._N884A6_ch10_main_20240706050004_20240706053004.mp4,-1,-1,-1,-1,-1.0,4096,256,3,False
/lustre/isaac24/scratch/eopoku2/downey_cross_sucking_videos_2024/Group 1 Day 1/._N884A6_ch10_main_20240706053004_20240706060004.mp4,-1,-1,-1,-1,-1.0,4096,256,3,False
/lustre/isaac24/scratch/eopoku2/downey_cross_sucking_videos_2024/Group 1 Day 1/._N884A6_ch10_main_20240706060004_20240706063004.mp4,-1,-1,-1,-1,-1.0,4096,256,3,False
/lustre/isaac24/scratch/eopoku2/downey_cross_sucking_videos_2024/Group 1 Day 1/._N884A6_ch10_main_20240706063004_20240706070004.mp4,-1,-1,-1,-1,-1.0,4096,256,3,False
/lustre/isaac24/scratch/eopoku2/downey_cross_sucking_videos_2024/Group 1 Day 1/._N884A6_ch10_main_20240706070004_20240706073004.mp4,-1,-1,-1,-1,-1.0,4096,256,3,False
/lustre/isaac24/scratch/eopoku2/downey_cross_sucking_videos_2024/Group 1 Day 1/._N884A6_ch10_main_20240706073004_20240706080004.mp4,-1,-1,-1,-1,-1.0,4096,256,3,False
/lustre/isaac24/scratch/eopoku2/downey_cross_sucking_videos_2024/Group 1 Day 1/._N884A6_ch10_main_20240706080004_20240706083004.mp4,-1,-1,-1,-1,-1.0,4096,256,3,False
/lustre/isaac24/scratch/eopoku2/downey_cross_sucking_videos_2024/Group 1 Day 1/._N884A6_ch10_main_20240706083004_20240706090004.mp4,-1,-1,-1,-1,-1.0,4096,256,3,False
/lustre/isaac24/scratch/eopoku2/downey_cross_sucking_videos_2024/Group 1 Day 1/._N884A6_ch10_main_20240706090004_20240706093004.mp4,-1,-1,-1,-1,-1.0,4096,256,3,False
/lustre/isaac24/scratch/eopoku2/downey_cross_sucking_videos_2024/Group 1 Day 1/._N884A6_ch10_main_20240706093004_20240706100004.mp4,-1,-1,-1,-1,-1.0,4096,256,3,False
/lustre/isaac24/scratch/eopoku2/downey_cross_sucking_videos_2024/Group 1 Day 1/._N884A6_ch10_main_20240706100004_20240706103004.mp4,-1,-1,-1,-1,-1.0,4096,256,3,False
/lustre/isaac24/scratch/eopoku2/downey_cross_sucking_videos_2024/Group 1 Day 1/._N884A6_ch10_main_20240706103004_20240706110004.mp4,-1,-1,-1,-1,-1.0,4096,256,3,False
/lustre/isaac24/scratch/eopoku2/downey_cross_sucking_videos_2024/Group 1 Day 1/._N884A6_ch10_main_20240706110004_20240706113005.mp4,-1,-1,-1,-1,-1.0,4096,256,3,False
/lustre/isaac24/scratch/eopoku2/downey_cross_sucking_videos_2024/Group 1 Day 1/._N884A6_ch10_main_20240706113005_20240706120004.mp4,-1,-1,-1,-1,-1.0,4096,256,3,False
/lustre/isaac24/scratch/eopoku2/downey_cross_sucking_videos_2024/Group 1 Day 1/._N884A6_ch10_main_20240706120004_20240706123004.mp4,-1,-1,-1,-1,-1.0,4096,256,3,False
/lustre/isaac24/scratch/eopoku2/downey_cross_sucking_videos_2024/Group 1 Day 1/._N884A6_ch10_main_20240706123004_20240706130004.mp4,-1,-1,-1,-1,-1.0,4096,256,3,False
/lustre/isaac24/scratch/eopoku2/downey_cross_sucking_videos_2024/Group 1 Day 1/._N884A6_ch10_main_20240706130004_20240706133004.mp4,-1,-1,-1,-1,-1.0,4096,256,3,False
/lustre/isaac24/scratch/eopoku2/downey_cross_sucking_videos_2024/Group 1 Day 1/._N884A6_ch10_main_20240706133004_20240706140004.mp4,-1,-1,-1,-1,-1.0,4096,256,3,False
/lustre/isaac24/scratch/eopoku2/downey_cross_sucking_videos_2024/Group 1 Day 1/._N884A6_ch10_main_20240706140004_20240706143004.mp4,-1,-1,-1,-1,-1.0,4096,256,3,False
/lustre/isaac24/scratch/eopoku2/downey_cross_sucking_videos_2024/Group 1 Day 1/._N884A6_ch10_main_20240706143004_20240706150004.mp4,-1,-1,-1,-1,-1.0,4096,256,3,False
/lustre/isaac24/scratch/eopoku2/downey_cross_sucking_videos_2024/Group 1 Day 1/._N884A6_ch10_main_20240706150004_20240706153004.mp4,-1,-1,-1,-1,-1.0,4096,256,3,False
/lustre/isaac24/scratch/eopoku2/downey_cross_sucking_videos_2024/Group 1 Day 1/._N884A6_ch10_main_20240706153004_20240706160004.mp4,-1,-1,-1,-1,-1.0,4096,256,3,False
/lustre/isaac24/scratch/eopoku2/downey_cross_sucking_videos_2024/Group 1 Day 1/._N884A6_ch10_main_20240706160004_20240706163004.mp4,-1,-1,-1,-1,-1.0,4096,256,3,False
/lustre/isaac24/scratch/eopoku2/downey_cross_sucking_videos_2024/Group 1 Day 1/._N884A6_ch10_main_20240706163004_20240706170004.mp4,-1,-1,-1,-1,-1.0,4096,256,3,False
/lustre/isaac24/scratch/eopoku2/downey_cross_sucking_videos_2024/Group 1 Day 1/._N884A6_ch10_main_20240706170004_20240706173004.mp4,-1,-1,-1,-1,-1.0,4096,256,3,False
/lustre/isaac24/scratch/eopoku2/downey_cross_sucking_videos_2024/Group 1 Day 1/._N884A6_ch10_main_20240706173004_20240706180004.mp4,-1,-1,-1,-1,-1.0,4096,256,3,False
/lustre/isaac24/scratch/eopoku2/downey_cross_sucking_videos_2024/Group 1 Day 1/._N884A6_ch10_main_20240706180004_20240706183004.mp4,-1,-1,-1,-1,-1.0,4096,256,3,False
/lustre/isaac24/scratch/eopoku2/downey_cross_sucking_videos_2024/Group 1 Day 1/._N884A6_ch10_main_20240706183004_20240706190004.mp4,-1,-1,-1,-1,-1.0,4096,256,3,False
/lustre/isaac24/scratch/eopoku2/downey_cross_sucking_videos_2024/Group 1 Day 1/._N884A6_ch10_main_20240706190004_20240706193004.mp4,-1,-1,-1,-1,-1.0,4096,256,3,False
/lustre/isaac24/scratch/eopoku2/downey_cross_sucking_videos_2024/Group 1 Day 1/._N884A6_ch10_main_20240706193004_20240706200004.mp4,-1,-1,-1,-1,-1.0,4096,256,3,False
/lustre/isaac24/scratch/eopoku2/downey_cross_sucking_videos_2024/Group 1 Day 1/._N884A6_ch10_main_20240706200004_20240706203004.mp4,-1,-1,-1,-1,-1.0,4096,256,3,False
/lustre/isaac24/scratch/eopoku2/downey_cross_sucking_videos_2024/Group 1 Day 1/._N884A6_ch10_main_20240706203004_20240706210004.mp4,-1,-1,-1,-1,-1.0,4096,256,3,False
/lustre/isaac24/scratch/eopoku2/downey_cross_sucking_videos_2024/Group 1 Day 1/._N884A6_ch10_main_20240706210004_20240706213004.mp4,-1,-1,-1,-1,-1.0,4096,256,3,False
/lustre/isaac24/scratch/eopoku2/downey_cross_sucking_videos_2024/Group 1 Day 1/._N884A6_ch10_main_20240706213004_20240706220004.mp4,-1,-1,-1,-1,-1.0,4096,256,3,False
/lustre/isaac24/scratch/eopoku2/downey_cross_sucking_videos_2024/Group 1 Day 1/._N884A6_ch10_main_20240706220004_20240706223004.mp4,-1,-1,-1,-1,-1.0,4096,256,3,False
/lustre/isaac24/scratch/eopoku2/downey_cross_sucking_videos_2024/Group 1 Day 1/._N884A6_ch10_main_20240706223004_20240706230004.mp4,-1,-1,-1,-1,-1.0,4096,256,3,False
/lustre/isaac24/scratch/eopoku2/downey_cross_sucking_videos_2024/Group 1 Day 1/._N884A6_ch10_main_20240706230004_20240706233004.mp4,-1,-1,-1,-1,-1.0,4096,256,3,False
/lustre/isaac24/scratch/eopoku2/downey_cross_sucking_videos_2024/Group 1 Day 1/._N884A6_ch10_main_20240706233004_20240707000000.mp4,-1,-1,-1,-1,-1.0,4096,256,3,False
/lustre/isaac24/scratch/eopoku2/downey_cross_sucking_videos_2024/Group 1 Day 1/._N884A6_ch10_main_20240707000000_20240707003004.mp4,-1,-1,-1,-1,-1.0,4096,256,3,False
/lustre/isaac24/scratch/eopoku2/downey_cross_sucking_videos_2024/Group 1 Day 1/._N884A6_ch10_main_20240707003004_20240707010004.mp4,-1,-1,-1,-1,-1.0,4096,256,3,False
/lustre/isaac24/scratch/eopoku2/downey_cross_sucking_videos_2024/Group 1 Day 1/._N884A6_ch10_main_20240707010004_20240707013004.mp4,-1,-1,-1,-1,-1.0,4096,256,3,False
/lustre/isaac24/scratch/eopoku2/downey_cross_sucking_videos_2024/Group 1 Day 1/._N884A6_ch10_main_20240707013004_20240707020004.mp4,-1,-1,-1,-1,-1.0,4096,256,3,False
/lustre/isaac24/scratch/eopoku2/downey_cross_sucking_videos_2024/Group 1 Day 1/._N884A6_ch10_main_20240707020004_20240707023004.mp4,-1,-1,-1,-1,-1.0,4096,256,3,False
/lustre/isaac24/scratch/eopoku2/downey_cross_sucking_videos_2024/Group 1 Day 1/._N884A6_ch10_main_20240707023004_20240707030004.mp4,-1,-1,-1,-1,-1.0,4096,256,3,False
/lustre/isaac24/scratch/eopoku2/downey_cross_sucking_videos_2024/Group 1 Day 1/._N884A6_ch10_main_20240707030004_20240707033004.mp4,-1,-1,-1,-1,-1.0,4096,256,3,False
/lustre/isaac24/scratch/eopoku2/downey_cross_sucking_videos_2024/Group 1 Day 1/._N884A6_ch10_main_20240707033004_20240707040004.mp4,-1,-1,-1,-1,-1.0,4096,256,3,False
/lustre/isaac24/scratch/eopoku2/downey_cross_sucking_videos_2024/Group 1 Day 1/._N884A6_ch10_main_20240707040004_20240707043004.mp4,-1,-1,-1,-1,-1.0,4096,256,3,False
/lustre/isaac24/scratch/eopoku2/downey_cross_sucking_videos_2024/Group 1 Day 1/._N884A6_ch10_main_20240707043004_20240707050003.mp4,-1,-1,-1,-1,-1.0,4096,256,3,False
/lustre/isaac24/scratch/eopoku2/downey_cross_sucking_videos_2024/Group 1 Day 1/Cam 7/N884A6_ch7_main_20240706043000_20240706050001.mp4,-9223372036854775808,-9223372036854775808,-9223372036854775808,27045,14.993679868718676,952055138,256,3,True
/lustre/isaac24/scratch/eopoku2/downey_cross_sucking_videos_2024/Group 1 Day 1/Cam 7/N884A6_ch7_main_20240706050001_20240706053001.mp4,-9223372036854775808,-9223372036854775808,-9223372036854775808,26976,14.993580373172074,948749358,256,3,True
/lustre/isaac24/scratch/eopoku2/downey_cross_sucking_videos_2024/Group 1 Day 1/Cam 7/N884A6_ch7_main_20240706053001_20240706060001.mp4,-9223372036854775808,-9223372036854775808,-9223372036854775808,26996,14.99053235380677,949591310,256,3,True
/lustre/isaac24/scratch/eopoku2/downey_cross_sucking_videos_2024/Group 1 Day 1/Cam 7/N884A6_ch7_main_20240706060001_20240706063001.mp4,-9223372036854775808,-9223372036854775808,-9223372036854775808,26991,14.989920082638662,950559381,256,3,True
/lustre/isaac24/scratch/eopoku2/downey_cross_sucking_videos_2024/Group 1 Day 1/Cam 7/N884A6_ch7_main_20240706063001_20240706070001.mp4,-9223372036854775808,-9223372036854775808,-9223372036854775808,26992,14.992890152861714,949348441,256,3,True
/lustre/isaac24/scratch/eopoku2/downey_cross_sucking_videos_2024/Group 1 Day 1/Cam 7/N884A6_ch7_main_20240706070001_20240706073001.mp4,-9223372036854775808,-9223372036854775808,-9223372036854775808,26976,14.992747058529291,949425437,256,3,True
/lustre/isaac24/scratch/eopoku2/downey_cross_sucking_videos_2024/Group 1 Day 1/Cam 7/N884A6_ch7_main_20240706073001_20240706080001.mp4,-9223372036854775808,-9223372036854775808,-9223372036854775808,26993,14.993445609669392,949128086,256,3,True
/lustre/isaac24/scratch/eopoku2/downey_cross_sucking_videos_2024/Group 1 Day 1/Cam 7/N884A6_ch7_main_20240706080001_20240706083001.mp4,-9223372036854775808,-9223372036854775808,-9223372036854775808,26992,14.993722989412404,949189129,256,3,True
/lustre/isaac24/scratch/eopoku2/downey_cross_sucking_videos_2024/Group 1 Day 1/Cam 7/N884A6_ch7_main_20240706083001_20240706090001.mp4,-9223372036854775808,-9223372036854775808,-9223372036854775808,26994,14.990587150766634,949423294,256,3,True
/lustre/isaac24/scratch/eopoku2/downey_cross_sucking_videos_2024/Group 1 Day 1/Cam 7/N884A6_ch7_main_20240706090001_20240706093001.mp4,-9223372036854775808,-9223372036854775808,-9223372036854775808,26991,14.989254119254284,949420813,256,3,True
/lustre/isaac24/scratch/eopoku2/downey_cross_sucking_videos_2024/Group 1 Day 1/Cam 7/N884A6_ch7_main_20240706093001_20240706100001.mp4,-9223372036854775808,-9223372036854775808,-9223372036854775808,26976,14.99316370427185,949425357,256,3,True
/lustre/isaac24/scratch/eopoku2/downey_cross_sucking_videos_2024/Group 1 Day 1/Cam 7/N884A6_ch7_main_20240706100001_20240706103001.mp4,-9223372036854775808,-9223372036854775808,-9223372036854775808,26994,14.993584652043747,949334004,256,3,True
/lustre/isaac24/scratch/eopoku2/downey_cross_sucking_videos_2024/Group 1 Day 1/Cam 7/N884A6_ch7_main_20240706103001_20240706110001.mp4,-9223372036854775808,-9223372036854775808,-9223372036854775808,26994,14.99316826073916,949394119,256,3,True
/lustre/isaac24/scratch/eopoku2/downey_cross_sucking_videos_2024/Group 1 Day 1/Cam 7/N884A6_ch7_main_20240706110001_20240706113001.mp4,-9223372036854775808,-9223372036854775808,-9223372036854775808,26991,14.9927510873369,949170125,256,3,True
/lustre/isaac24/scratch/eopoku2/downey_cross_sucking_videos_2024/Group 1 Day 1/Cam 7/N884A6_ch7_main_20240706113001_20240706120001.mp4,-9223372036854775808,-9223372036854775808,-9223372036854775808,26977,14.990470157422996,949183742,256,3,True
/lustre/isaac24/scratch/eopoku2/downey_cross_sucking_videos_2024/Group 1 Day 1/Cam 7/N884A6_ch7_main_20240706120001_20240706123001.mp4,-9223372036854775808,-9223372036854775808,-9223372036854775808,26994,14.990254169049908,949044353,256,3,True
/lustre/isaac24/scratch/eopoku2/downey_cross_sucking_videos_2024/Group 1 Day 1/Cam 7/N884A6_ch7_main_20240706123001_20240706130001.mp4,-9223372036854775808,-9223372036854775808,-9223372036854775808,26993,14.99369546017586,949014599,256,3,True
/lustre/isaac24/scratch/eopoku2/downey_cross_sucking_videos_2024/Group 1 Day 1/Cam 7/N884A6_ch7_main_20240706130001_20240706133001.mp4,-9223372036854775808,-9223372036854775808,-9223372036854775808,26991,14.993583939294622,948838360,256,3,True
/lustre/isaac24/scratch/eopoku2/downey_cross_sucking_videos_2024/Group 1 Day 1/Cam 7/N884A6_ch7_main_20240706133001_20240706140001.mp4,-9223372036854775808,-9223372036854775808,-9223372036854775808,26970,14.993162184098464,948192997,256,3,True
/lustre/isaac24/scratch/eopoku2/downey_cross_sucking_videos_2024/Group 1 Day 1/Cam 7/N884A6_ch7_main_20240706140001_20240706143001.mp4,-9223372036854775808,-9223372036854775808,-9223372036854775808,27001,14.994641002715596,949820288,256,3,True
/lustre/isaac24/scratch/eopoku2/downey_cross_sucking_videos_2024/Group 1 Day 1/Cam 7/N884A6_ch7_main_20240706143001_20240706150001.mp4,-9223372036854775808,-9223372036854775808,-9223372036854775808,26993,14.991030817334126,949798993,256,3,True
/lustre/isaac24/scratch/eopoku2/downey_cross_sucking_videos_2024/Group 1 Day 1/Cam 7/N884A6_ch7_main_20240706150001_20240706153001.mp4,-9223372036854775808,-9223372036854775808,-9223372036854775808,26992,14.991224757292338,949086787,256,3,True
/lustre/isaac24/scratch/eopoku2/downey_cross_sucking_videos_2024/Group 1 Day 1/Cam 7/N884A6_ch7_main_20240706153001_20240706160001.mp4,-9223372036854775808,-9223372036854775808,-9223372036854775808,26994,14.99316826073916,948960159,256,3,True
/lustre/isaac24/scratch/eopoku2/downey_cross_sucking_videos_2024/Group 1 Day 1/Cam 7/N884A6_ch7_main_20240706160001_20240706163001.mp4,-9223372036854775808,-9223372036854775808,-9223372036854775808,26978,14.993441966965298,948740373,256,3,True
/lustre/isaac24/scratch/eopoku2/downey_cross_sucking_videos_2024/Group 1 Day 1/Cam 7/N884A6_ch7_main_20240706163001_20240706170001.mp4,-9223372036854775808,-9223372036854775808,-9223372036854775808,26990,14.994277841357318,948664509,256,3,True
/lustre/isaac24/scratch/eopoku2/downey_cross_sucking_videos_2024/Group 1 Day 1/Cam 7/N884A6_ch7_main_20240706170001_20240706173001.mp4,-9223372036854775808,-9223372036854775808,-9223372036854775808,26995,14.993723686695327,948866250,256,3,True
/lustre/isaac24/scratch/eopoku2/downey_cross_sucking_videos_2024/Group 1 Day 1/Cam 7/N884A6_ch7_main_20240706173001_20240706180001.mp4,-9223372036854775808,-9223372036854775808,-9223372036854775808,26990,14.989531209214755,949059289,256,3,True
/lustre/isaac24/scratch/eopoku2/downey_cross_sucking_videos_2024/Group 1 Day 1/Cam 7/N884A6_ch7_main_20240706180001_20240706183001.mp4,-9223372036854775808,-9223372036854775808,-9223372036854775808,26979,14.991498205176647,949106390,256,3,True
/lustre/isaac24/scratch/eopoku2/downey_cross_sucking_videos_2024/Group 1 Day 1/Cam 7/N884A6_ch7_main_20240706183001_20240706190001.mp4,-9223372036854775808,-9223372036854775808,-9223372036854775808,26993,14.993445609669392,949094487,256,3,True
/lustre/isaac24/scratch/eopoku2/downey_cross_sucking_videos_2024/Group 1 Day 1/Cam 7/N884A6_ch7_main_20240706190001_20240706193001.mp4,-9223372036854775808,-9223372036854775808,-9223372036854775808,26991,14.992667807229989,949205214,256,3,True
/lustre/isaac24/scratch/eopoku2/downey_cross_sucking_videos_2024/Group 1 Day 1/Cam 7/N884A6_ch7_main_20240706193001_20240706200001.mp4,-9223372036854775808,-9223372036854775808,-9223372036854775808,26992,14.99330655957162,949421167,256,3,True
/lustre/isaac24/scratch/eopoku2/downey_cross_sucking_videos_2024/Group 1 Day 1/Cam 7/N884A6_ch7_main_20240706200001_20240706203001.mp4,-9223372036854775808,-9223372036854775808,-9223372036854775808,26993,14.993029210662252,949582089,256,3,True
/lustre/isaac24/scratch/eopoku2/downey_cross_sucking_videos_2024/Group 1 Day 1/Cam 7/N884A6_ch7_main_20240706203001_20240706210001.mp4,-9223372036854775808,-9223372036854775808,-9223372036854775808,26976,14.991247325571702,949286776,256,3,True
/lustre/isaac24/scratch/eopoku2/downey_cross_sucking_videos_2024/Group 1 Day 1/Cam 7/N884A6_ch7_main_20240706210001_20240706213001.mp4,-9223372036854775808,-9223372036854775808,-9223372036854775808,26994,14.989421779473254,949524040,256,3,True
/lustre/isaac24/scratch/eopoku2/downey_cross_sucking_videos_2024/Group 1 Day 1/Cam 7/N884A6_ch7_main_20240706213001_20240706220001.mp4,-9223372036854775808,-9223372036854775808,-9223372036854775808,26993,14.993029210662252,949498974,256,3,True
/lustre/isaac24/scratch/eopoku2/downey_cross_sucking_videos_2024/Group 1 Day 1/Cam 7/N884A6_ch7_main_20240706220001_20240706223001.mp4,-9223372036854775808,-9223372036854775808,-9223372036854775808,26992,14.993722989412404,949365027,256,3,True
/lustre/isaac24/scratch/eopoku2/downey_cross_sucking_videos_2024/Group 1 Day 1/Cam 7/N884A6_ch7_main_20240706223001_20240706230001.mp4,-9223372036854775808,-9223372036854775808,-9223372036854775808,26978,14.993025336645603,949338319,256,3,True
/lustre/isaac24/scratch/eopoku2/downey_cross_sucking_videos_2024/Group 1 Day 1/Cam 7/N884A6_ch7_main_20240706230001_20240706233001.mp4,-9223372036854775808,-9223372036854775808,-9223372036854775808,26993,14.993945319009477,949462261,256,3,True
/lustre/isaac24/scratch/eopoku2/downey_cross_sucking_videos_2024/Group 1 Day 1/Cam 7/N884A6_ch7_main_20240706233001_20240707000000.mp4,-9223372036854775808,-9223372036854775808,-9223372036854775808,26279,14.99078727445936,926160160,256,3,True
/lustre/isaac24/scratch/eopoku2/downey_cross_sucking_videos_2024/Group 1 Day 1/Cam 7/N884A6_ch7_main_20240707000000_20240707003001.mp4,-9223372036854775808,-9223372036854775808,-9223372036854775808,27000,14.990422785442634,949373345,256,3,True
/lustre/isaac24/scratch/eopoku2/downey_cross_sucking_videos_2024/Group 1 Day 1/Cam 7/N884A6_ch7_main_20240707003001_20240707010001.mp4,-9223372036854775808,-9223372036854775808,-9223372036854775808,26986,14.993804901628506,949986530,256,3,True
/lustre/isaac24/scratch/eopoku2/downey_cross_sucking_videos_2024/Group 1 Day 1/Cam 7/N884A6_ch7_main_20240707010001_20240707013001.mp4,-9223372036854775808,-9223372036854775808,-9223372036854775808,26990,14.993944646289568,949409920,256,3,True
/lustre/isaac24/scratch/eopoku2/downey_cross_sucking_videos_2024/Group 1 Day 1/Cam 7/N884A6_ch7_main_20240707013001_20240707020001.mp4,-9223372036854775808,-9223372036854775808,-9223372036854775808,26992,14.993722989412404,949468887,256,3,True
/lustre/isaac24/scratch/eopoku2/downey_cross_sucking_videos_2024/Group 1 Day 1/Cam 7/N884A6_ch7_main_20240707020001_20240707023001.mp4,-9223372036854775808,-9223372036854775808,-9223372036854775808,26993,14.99386203180634,949445645,256,3,True
/lustre/isaac24/scratch/eopoku2/downey_cross_sucking_videos_2024/Group 1 Day 1/Cam 7/N884A6_ch7_main_20240707023001_20240707030001.mp4,-9223372036854775808,-9223372036854775808,-9223372036854775808,26981,14.990193954142152,949994376,256,3,True
/lustre/isaac24/scratch/eopoku2/downey_cross_sucking_videos_2024/Group 1 Day 1/Cam 7/N884A6_ch7_main_20240707030001_20240707033001.mp4,-9223372036854775808,-9223372036854775808,-9223372036854775808,26992,14.990475449986391,949431840,256,3,True
/lustre/isaac24/scratch/eopoku2/downey_cross_sucking_videos_2024/Group 1 Day 1/Cam 7/N884A6_ch7_main_20240707033001_20240707040001.mp4,-9223372036854775808,-9223372036854775808,-9223372036854775808,26991,14.993583939294622,949465957,256,3,True
/lustre/isaac24/scratch/eopoku2/downey_cross_sucking_videos_2024/Group 1 Day 1/Cam 7/N884A6_ch7_main_20240707040001_20240707043001.mp4,-9223372036854775808,-9223372036854775808,-9223372036854775808,26991,14.993167501749786,950088098,256,3,True
/lustre/isaac24/scratch/eopoku2/downey_cross_sucking_videos_2024/Group 1 Day 1/Cam 7/N884A6_ch7_main_20240707043001_20240707050000.mp4,-9223372036854775808,-9223372036854775808,-9223372036854775808,26968,14.99380076837113,948919362,256,3,True
/lustre/isaac24/scratch/eopoku2/downey_cross_sucking_videos_2024/Group 1 Day 1/Cam 7/._N884A6_ch7_main_20240706050001_20240706053001.mp4,-1,-1,-1,-1,-1.0,4096,256,3,False
/lustre/isaac24/scratch/eopoku2/downey_cross_sucking_videos_2024/Group 1 Day 1/Cam 8/N884A6_ch8_main_20240706043000_20240706050002.mp4,-9223372036854775808,-9223372036854775808,-9223372036854775808,27062,14.993628455870132,952252152,256,3,True
/lustre/isaac24/scratch/eopoku2/downey_cross_sucking_videos_2024/Group 1 Day 1/Cam 8/N884A6_ch8_main_20240706050002_20240706053002.mp4,-9223372036854775808,-9223372036854775808,-9223372036854775808,26975,14.992691236709444,948710891,256,3,True
/lustre/isaac24/scratch/eopoku2/downey_cross_sucking_videos_2024/Group 1 Day 1/Cam 8/N884A6_ch8_main_20240706053002_20240706060002.mp4,-9223372036854775808,-9223372036854775808,-9223372036854775808,26996,14.99019939919263,949755524,256,3,True
/lustre/isaac24/scratch/eopoku2/downey_cross_sucking_videos_2024/Group 1 Day 1/Cam 8/N884A6_ch8_main_20240706060002_20240706063002.mp4,-9223372036854775808,-9223372036854775808,-9223372036854775808,26992,14.99105823808413,949647504,256,3,True
/lustre/isaac24/scratch/eopoku2/downey_cross_sucking_videos_2024/Group 1 Day 1/Cam 8/N884A6_ch8_main_20240706063002_20240706070002.mp4,-9223372036854775808,-9223372036854775808,-9223372036854775808,26991,14.9924179724603,950093167,256,3,True
/lustre/isaac24/scratch/eopoku2/downey_cross_sucking_videos_2024/Group 1 Day 1/Cam 8/N884A6_ch8_main_20240706070002_20240706073002.mp4,-9223372036854775808,-9223372036854775808,-9223372036854775808,26977,14.993386169869837,949400024,256,3,True
/lustre/isaac24/scratch/eopoku2/downey_cross_sucking_videos_2024/Group 1 Day 1/Cam 8/N884A6_ch8_main_20240706073002_20240706080002.mp4,-9223372036854775808,-9223372036854775808,-9223372036854775808,26993,14.993528892246337,949188042,256,3,True
/lustre/isaac24/scratch/eopoku2/downey_cross_sucking_videos_2024/Group 1 Day 1/Cam 8/N884A6_ch8_main_20240706080002_20240706083002.mp4,-9223372036854775808,-9223372036854775808,-9223372036854775808,26992,14.993389843689243,949197139,256,3,True
/lustre/isaac24/scratch/eopoku2/downey_cross_sucking_videos_2024/Group 1 Day 1/Cam 8/N884A6_ch8_main_20240706083002_20240706090002.mp4,-9223372036854775808,-9223372036854775808,-9223372036854775808,26990,14.990113967076178,949375340,256,3,True
/lustre/isaac24/scratch/eopoku2/downey_cross_sucking_videos_2024/Group 1 Day 1/Cam 8/N884A6_ch8_main_20240706090002_20240706093003.mp4,-9223372036854775808,-9223372036854775808,-9223372036854775808,26992,14.99055870265467,949461379,256,3,True
/lustre/isaac24/scratch/eopoku2/downey_cross_sucking_videos_2024/Group 1 Day 1/Cam 8/N884A6_ch8_main_20240706093003_20240706100002.mp4,-9223372036854775808,-9223372036854775808,-9223372036854775808,26979,14.993581086713682,949406058,256,3,True
/lustre/isaac24/scratch/eopoku2/downey_cross_sucking_videos_2024/Group 1 Day 1/Cam 8/N884A6_ch8_main_20240706100002_20240706103002.mp4,-9223372036854775808,-9223372036854775808,-9223372036854775808,26993,14.993778745528472,949327425,256,3,True
/lustre/isaac24/scratch/eopoku2/downey_cross_sucking_videos_2024/Group 1 Day 1/Cam 8/N884A6_ch8_main_20240706103002_20240706110002.mp4,-9223372036854775808,-9223372036854775808,-9223372036854775808,26991,14.993667229579591,949419072,256,3,True
/lustre/isaac24/scratch/eopoku2/downey_cross_sucking_videos_2024/Group 1 Day 1/Cam 8/N884A6_ch8_main_20240706110002_20240706113002.mp4,-9223372036854775808,-9223372036854775808,-9223372036854775808,26993,14.993945319009477,949302504,256,3,True
/lustre/isaac24/scratch/eopoku2/downey_cross_sucking_videos_2024/Group 1 Day 1/Cam 8/N884A6_ch8_main_20240706113002_20240706120002.mp4,-9223372036854775808,-9223372036854775808,-9223372036854775808,26979,14.9921646643031,949232859,256,3,True
/lustre/isaac24/scratch/eopoku2/downey_cross_sucking_videos_2024/Group 1 Day 1/Cam 8/N884A6_ch8_main_20240706120002_20240706123002.mp4,-9223372036854775808,-9223372036854775808,-9223372036854775808,26991,14.989170877991892,949106379,256,3,True
/lustre/isaac24/scratch/eopoku2/downey_cross_sucking_videos_2024/Group 1 Day 1/Cam 8/N884A6_ch8_main_20240706123002_20240706130002.mp4,-9223372036854775808,-9223372036854775808,-9223372036854775808,26992,14.992806874295267,949072728,256,3,True
/lustre/isaac24/scratch/eopoku2/downey_cross_sucking_videos_2024/Group 1 Day 1/Cam 8/N884A6_ch8_main_20240706130002_20240706133002.mp4,-9223372036854775808,-9223372036854775808,-9223372036854775808,26995,14.993806966191034,948844532,256,3,True
/lustre/isaac24/scratch/eopoku2/downey_cross_sucking_videos_2024/Group 1 Day 1/Cam 8/N884A6_ch8_main_20240706133002_20240706140002.mp4,-9223372036854775808,-9223372036854775808,-9223372036854775808,26977,14.993802835688998,949126420,256,3,True
/lustre/isaac24/scratch/eopoku2/downey_cross_sucking_videos_2024/Group 1 Day 1/Cam 8/N884A6_ch8_main_20240706140002_20240706143002.mp4,-9223372036854775808,-9223372036854775808,-9223372036854775808,26991,14.99383381292566,948988374,256,3,True
/lustre/isaac24/scratch/eopoku2/downey_cross_sucking_videos_2024/Group 1 Day 1/Cam 8/N884A6_ch8_main_20240706143002_20240706150002.mp4,-9223372036854775808,-9223372036854775808,-9223372036854775808,26992,14.990641956247677,949203920,256,3,True
/lustre/isaac24/scratch/eopoku2/downey_cross_sucking_videos_2024/Group 1 Day 1/Cam 8/N884A6_ch8_main_20240706150002_20240706153002.mp4,-9223372036854775808,-9223372036854775808,-9223372036854775808,26996,14.990948567874636,949890649,256,3,True
/lustre/isaac24/scratch/eopoku2/downey_cross_sucking_videos_2024/Group 1 Day 1/Cam 8/N884A6_ch8_main_20240706153002_20240706160002.mp4,-9223372036854775808,-9223372036854775808,-9223372036854775808,26992,14.993806278156438,948968213,256,3,True
/lustre/isaac24/scratch/eopoku2/downey_cross_sucking_videos_2024/Group 1 Day 1/Cam 8/N884A6_ch8_main_20240706160002_20240706163002.mp4,-9223372036854775808,-9223372036854775808,-9223372036854775808,26977,14.993386169869837,948862954,256,3,True
/lustre/isaac24/scratch/eopoku2/downey_cross_sucking_videos_2024/Group 1 Day 1/Cam 8/N884A6_ch8_main_20240706163002_20240706170002.mp4,-9223372036854775808,-9223372036854775808,-9223372036854775808,26993,14.99477824193405,948653727,256,3,True
/lustre/isaac24/scratch/eopoku2/downey_cross_sucking_videos_2024/Group 1 Day 1/Cam 8/N884A6_ch8_main_20240706170002_20240706173002.mp4,-9223372036854775808,-9223372036854775808,-9223372036854775808,26992,14.992973432353317,948946901,256,3,True
/lustre/isaac24/scratch/eopoku2/downey_cross_sucking_videos_2024/Group 1 Day 1/Cam 8/N884A6_ch8_main_20240706173002_20240706180002.mp4,-9223372036854775808,-9223372036854775808,-9223372036854775808,26994,14.99100339871604,949899944,256,3,True
/lustre/isaac24/scratch/eopoku2/downey_cross_sucking_videos_2024/Group 1 Day 1/Cam 8/N884A6_ch8_main_20240706180002_20240706183002.mp4,-9223372036854775808,-9223372036854775808,-9223372036854775808,26979,14.990082176253896,949099373,256,3,True
/lustre/isaac24/scratch/eopoku2/downey_cross_sucking_videos_2024/Group 1 Day 1/Cam 8/N884A6_ch8_main_20240706183002_20240706190002.mp4,-9223372036854775808,-9223372036854775808,-9223372036854775808,26990,14.993444881452348,949236438,256,3,True
/lustre/isaac24/scratch/eopoku2/downey_cross_sucking_videos_2024/Group 1 Day 1/Cam 8/N884A6_ch8_main_20240706190002_20240706193002.mp4,-9223372036854775808,-9223372036854775808,-9223372036854775808,26994,14.99366793308005,949181113,256,3,True
/lustre/isaac24/scratch/eopoku2/downey_cross_sucking_videos_2024/Group 1 Day 1/Cam 8/N884A6_ch8_main_20240706193002_20240706200002.mp4,-9223372036854775808,-9223372036854775808,-9223372036854775808,26991,14.994500183327222,949408885,256,3,True
/lustre/isaac24/scratch/eopoku2/downey_cross_sucking_videos_2024/Group 1 Day 1/Cam 8/N884A6_ch8_main_20240706200002_20240706203002.mp4,-9223372036854775808,-9223372036854775808,-9223372036854775808,26991,14.993667229579591,949577028,256,3,True
/lustre/isaac24/scratch/eopoku2/downey_cross_sucking_videos_2024/Group 1 Day 1/Cam 8/N884A6_ch8_main_20240706203002_20240706210002.mp4,-9223372036854775808,-9223372036854775808,-9223372036854775808,26981,14.99136000711202,949356608,256,3,True
/lustre/isaac24/scratch/eopoku2/downey_cross_sucking_videos_2024/Group 1 Day 1/Cam 8/N884A6_ch8_main_20240706210002_20240706213002.mp4,-9223372036854775808,-9223372036854775808,-9223372036854775808,26989,14.990058096264288,949205521,256,3,True
/lustre/isaac24/scratch/eopoku2/downey_cross_sucking_videos_2024/Group 1 Day 1/Cam 8/N884A6_ch8_main_20240706213002_20240706220002.mp4,-9223372036854775808,-9223372036854775808,-9223372036854775808,26993,14.993945319009477,949502999,256,3,True
/lustre/isaac24/scratch/eopoku2/downey_cross_sucking_videos_2024/Group 1 Day 1/Cam 8/N884A6_ch8_main_20240706220002_20240706223002.mp4,-9223372036854775808,-9223372036854775808,-9223372036854775808,26995,14.993806966191034,949502939,256,3,True
/lustre/isaac24/scratch/eopoku2/downey_cross_sucking_videos_2024/Group 1 Day 1/Cam 8/N884A6_ch8_main_20240706223002_20240706230002.mp4,-9223372036854775808,-9223372036854775808,-9223372036854775808,26976,14.993663709731209,949362494,256,3,True
/lustre/isaac24/scratch/eopoku2/downey_cross_sucking_videos_2024/Group 1 Day 1/Cam 8/N884A6_ch8_main_20240706230002_20240706233002.mp4,-9223372036854775808,-9223372036854775808,-9223372036854775808,26992,14.994139442385997,949458376,256,3,True
/lustre/isaac24/scratch/eopoku2/downey_cross_sucking_videos_2024/Group 1 Day 1/Cam 8/N884A6_ch8_main_20240706233002_20240707000000.mp4,-9223372036854775808,-9223372036854775808,-9223372036854775808,26302,14.933118343060888,925792961,256,3,True
/lustre/isaac24/scratch/eopoku2/downey_cross_sucking_videos_2024/Group 1 Day 1/Cam 8/N884A6_ch8_main_20240707000000_20240707003002.mp4,-9223372036854775808,-9223372036854775808,-9223372036854775808,27021,14.991428238544632,950434012,256,3,True
/lustre/isaac24/scratch/eopoku2/downey_cross_sucking_videos_2024/Group 1 Day 1/Cam 8/N884A6_ch8_main_20240707003002_20240707010002.mp4,-9223372036854775808,-9223372036854775808,-9223372036854775808,26977,14.993802835688998,949337022,256,3,True
/lustre/isaac24/scratch/eopoku2/downey_cross_sucking_videos_2024/Group 1 Day 1/Cam 8/N884A6_ch8_main_20240707010002_20240707013002.mp4,-9223372036854775808,-9223372036854775808,-9223372036854775808,26994,14.99366793308005,949507748,256,3,True
/lustre/isaac24/scratch/eopoku2/downey_cross_sucking_videos_2024/Group 1 Day 1/Cam 8/N884A6_ch8_main_20240707013002_20240707020002.mp4,-9223372036854775808,-9223372036854775808,-9223372036854775808,26992,14.993806278156438,949477383,256,3,True
/lustre/isaac24/scratch/eopoku2/downey_cross_sucking_videos_2024/Group 1 Day 1/Cam 8/N884A6_ch8_main_20240707020002_20240707023002.mp4,-9223372036854775808,-9223372036854775808,-9223372036854775808,26993,14.993945319009477,949380563,256,3,True
/lustre/isaac24/scratch/eopoku2/downey_cross_sucking_videos_2024/Group 1 Day 1/Cam 8/N884A6_ch8_main_20240707023002_20240707030002.mp4,-9223372036854775808,-9223372036854775808,-9223372036854775808,26977,14.990303562398935,949250312,256,3,True
/lustre/isaac24/scratch/eopoku2/downey_cross_sucking_videos_2024/Group 1 Day 1/Cam 8/N884A6_ch8_main_20240707030002_20240707033002.mp4,-9223372036854775808,-9223372036854775808,-9223372036854775808,26992,14.990475449986391,949479889,256,3,True
/lustre/isaac24/scratch/eopoku2/downey_cross_sucking_videos_2024/Group 1 Day 1/Cam 8/N884A6_ch8_main_20240707033002_20240707040002.mp4,-9223372036854775808,-9223372036854775808,-9223372036854775808,26995,14.99339057796341,949523611,256,3,True
/lustre/isaac24/scratch/eopoku2/downey_cross_sucking_videos_2024/Group 1 Day 1/Cam 8/N884A6_ch8_main_20240707040002_20240707043002.mp4,-9223372036854775808,-9223372036854775808,-9223372036854775808,26993,14.993528892246337,950424809,256,3,True
/lustre/isaac24/scratch/eopoku2/downey_cross_sucking_videos_2024/Group 1 Day 1/Cam 8/N884A6_ch8_main_20240707043002_20240707050001.mp4,-9223372036854775808,-9223372036854775808,-9223372036854775808,26962,14.99329911526078,948288898,256,3,True
/lustre/isaac24/scratch/eopoku2/downey_cross_sucking_videos_2024/Group 1 Day 1/Cam 8/._N884A6_ch8_main_20240706120002_20240706123002.mp4,-1,-1,-1,-1,-1.0,4096,256,3,False
/lustre/isaac24/scratch/eopoku2/downey_cross_sucking_videos_2024/Group 1 Day 1/Cam 9/N884A6_ch9_main_20240706043000_20240706050003.mp4,-9223372036854775808,-9223372036854775808,-9223372036854775808,27078,14.99368756783096,953037212,256,3,True
/lustre/isaac24/scratch/eopoku2/downey_cross_sucking_videos_2024/Group 1 Day 1/Cam 9/N884A6_ch9_main_20240706050003_20240706053003.mp4,-9223372036854775808,-9223372036854775808,-9223372036854775808,26976,14.992830385825284,948925557,256,3,True
/lustre/isaac24/scratch/eopoku2/downey_cross_sucking_videos_2024/Group 1 Day 1/Cam 9/N884A6_ch9_main_20240706053003_20240706060003.mp4,-9223372036854775808,-9223372036854775808,-9223372036854775808,26992,14.991308018283709,949500580,256,3,True
/lustre/isaac24/scratch/eopoku2/downey_cross_sucking_videos_2024/Group 1 Day 1/Cam 9/N884A6_ch9_main_20240706060003_20240706063003.mp4,-9223372036854775808,-9223372036854775808,-9223372036854775808,26992,14.989060296093914,952450928,256,3,True
/lustre/isaac24/scratch/eopoku2/downey_cross_sucking_videos_2024/Group 1 Day 1/Cam 9/N884A6_ch9_main_20240706063003_20240706070003.mp4,-9223372036854775808,-9223372036854775808,-9223372036854775808,26992,14.993722989412404,949275681,256,3,True
/lustre/isaac24/scratch/eopoku2/downey_cross_sucking_videos_2024/Group 1 Day 1/Cam 9/N884A6_ch9_main_20240706070003_20240706073003.mp4,-9223372036854775808,-9223372036854775808,-9223372036854775808,26979,14.993581086713682,949479970,256,3,True
/lustre/isaac24/scratch/eopoku2/downey_cross_sucking_videos_2024/Group 1 Day 1/Cam 9/N884A6_ch9_main_20240706073003_20240706080003.mp4,-9223372036854775808,-9223372036854775808,-9223372036854775808,26992,14.993722989412404,949186341,256,3,True
/lustre/isaac24/scratch/eopoku2/downey_cross_sucking_videos_2024/Group 1 Day 1/Cam 9/N884A6_ch9_main_20240706080003_20240706083003.mp4,-9223372036854775808,-9223372036854775808,-9223372036854775808,26993,14.993445609669392,949334705,256,3,True
/lustre/isaac24/scratch/eopoku2/downey_cross_sucking_videos_2024/Group 1 Day 1/Cam 9/N884A6_ch9_main_20240706083003_20240706090003.mp4,-9223372036854775808,-9223372036854775808,-9223372036854775808,26991,14.989836833979409,949355028,256,3,True
/lustre/isaac24/scratch/eopoku2/downey_cross_sucking_videos_2024/Group 1 Day 1/Cam 9/N884A6_ch9_main_20240706090003_20240706093003.mp4,-9223372036854775808,-9223372036854775808,-9223372036854775808,26980,14.99055450605623,949461987,256,3,True
/lustre/isaac24/scratch/eopoku2/downey_cross_sucking_videos_2024/Group 1 Day 1/Cam 9/N884A6_ch9_main_20240706093003_20240706100003.mp4,-9223372036854775808,-9223372036854775808,-9223372036854775808,26991,14.994000399973334,949341563,256,3,True
/lustre/isaac24/scratch/eopoku2/downey_cross_sucking_videos_2024/Group 1 Day 1/Cam 9/N884A6_ch9_main_20240706100003_20240706103003.mp4,-9223372036854775808,-9223372036854775808,-9223372036854775808,26991,14.993583939294622,949414145,256,3,True
/lustre/isaac24/scratch/eopoku2/downey_cross_sucking_videos_2024/Group 1 Day 1/Cam 9/N884A6_ch9_main_20240706103003_20240706110003.mp4,-9223372036854775808,-9223372036854775808,-9223372036854775808,26994,14.993584652043747,949481477,256,3,True
/lustre/isaac24/scratch/eopoku2/downey_cross_sucking_videos_2024/Group 1 Day 1/Cam 9/N884A6_ch9_main_20240706110003_20240706113004.mp4,-9223372036854775808,-9223372036854775808,-9223372036854775808,26995,14.993890246611864,949157681,256,3,True
/lustre/isaac24/scratch/eopoku2/downey_cross_sucking_videos_2024/Group 1 Day 1/Cam 9/N884A6_ch9_main_20240706113004_20240706120003.mp4,-9223372036854775808,-9223372036854775808,-9223372036854775808,26977,14.99113657455002,949206403,256,3,True
/lustre/isaac24/scratch/eopoku2/downey_cross_sucking_videos_2024/Group 1 Day 1/Cam 9/N884A6_ch9_main_20240706120003_20240706123003.mp4,-9223372036854775808,-9223372036854775808,-9223372036854775808,26990,14.990446991913268,949078630,256,3,True
/lustre/isaac24/scratch/eopoku2/downey_cross_sucking_videos_2024/Group 1 Day 1/Cam 9/N884A6_ch9_main_20240706123003_20240706130003.mp4,-9223372036854775808,-9223372036854775808,-9223372036854775808,26993,14.99386203180634,948910083,256,3,True
/lustre/isaac24/scratch/eopoku2/downey_cross_sucking_videos_2024/Group 1 Day 1/Cam 9/N884A6_ch9_main_20240706130003_20240706133003.mp4,-9223372036854775808,-9223372036854775808,-9223372036854775808,26993,14.993029210662252,948622169,256,3,True
/lustre/isaac24/scratch/eopoku2/downey_cross_sucking_videos_2024/Group 1 Day 1/Cam 9/N884A6_ch9_main_20240706133003_20240706140003.mp4,-9223372036854775808,-9223372036854775808,-9223372036854775808,26979,14.993581086713682,949081026,256,3,True
/lustre/isaac24/scratch/eopoku2/downey_cross_sucking_videos_2024/Group 1 Day 1/Cam 9/N884A6_ch9_main_20240706140003_20240706143003.mp4,-9223372036854775808,-9223372036854775808,-9223372036854775808,26991,14.993583939294622,948789703,256,3,True
/lustre/isaac24/scratch/eopoku2/downey_cross_sucking_videos_2024/Group 1 Day 1/Cam 9/N884A6_ch9_main_20240706143003_20240706150003.mp4,-9223372036854775808,-9223372036854775808,-9223372036854775808,26993,14.991946681477367,949690281,256,3,True
/lustre/isaac24/scratch/eopoku2/downey_cross_sucking_videos_2024/Group 1 Day 1/Cam 9/N884A6_ch9_main_20240706150003_20240706153003.mp4,-9223372036854775808,-9223372036854775808,-9223372036854775808,26991,14.990169834164549,948950065,256,3,True
/lustre/isaac24/scratch/eopoku2/downey_cross_sucking_videos_2024/Group 1 Day 1/Cam 9/N884A6_ch9_main_20240706153003_20240706160003.mp4,-9223372036854775808,-9223372036854775808,-9223372036854775808,26994,14.99316826073916,948934138,256,3,True
/lustre/isaac24/scratch/eopoku2/downey_cross_sucking_videos_2024/Group 1 Day 1/Cam 9/N884A6_ch9_main_20240706160003_20240706163003.mp4,-9223372036854775808,-9223372036854775808,-9223372036854775808,26977,14.992886201453883,948555834,256,3,True
/lustre/isaac24/scratch/eopoku2/downey_cross_sucking_videos_2024/Group 1 Day 1/Cam 9/N884A6_ch9_main_20240706163003_20240706170003.mp4,-9223372036854775808,-9223372036854775808,-9223372036854775808,26994,14.993584652043747,948457088,256,3,True
/lustre/isaac24/scratch/eopoku2/downey_cross_sucking_videos_2024/Group 1 Day 1/Cam 9/N884A6_ch9_main_20240706170003_20240706173003.mp4,-9223372036854775808,-9223372036854775808,-9223372036854775808,26992,14.993722989412404,948606842,256,3,True
/lustre/isaac24/scratch/eopoku2/downey_cross_sucking_videos_2024/Group 1 Day 1/Cam 9/N884A6_ch9_main_20240706173003_20240706180003.mp4,-9223372036854775808,-9223372036854775808,-9223372036854775808,26992,14.990392198242828,948949899,256,3,True
/lustre/isaac24/scratch/eopoku2/downey_cross_sucking_videos_2024/Group 1 Day 1/Cam 9/N884A6_ch9_main_20240706180003_20240706183003.mp4,-9223372036854775808,-9223372036854775808,-9223372036854775808,26976,14.99091409232616,948991492,256,3,True
/lustre/isaac24/scratch/eopoku2/downey_cross_sucking_videos_2024/Group 1 Day 1/Cam 9/N884A6_ch9_main_20240706183003_20240706190003.mp4,-9223372036854775808,-9223372036854775808,-9223372036854775808,26993,14.993029210662252,948947547,256,3,True
/lustre/isaac24/scratch/eopoku2/downey_cross_sucking_videos_2024/Group 1 Day 1/Cam 9/N884A6_ch9_main_20240706190003_20240706193003.mp4,-9223372036854775808,-9223372036854775808,-9223372036854775808,26991,14.993583939294622,949313229,256,3,True
/lustre/isaac24/scratch/eopoku2/downey_cross_sucking_videos_2024/Group 1 Day 1/Cam 9/N884A6_ch9_main_20240706193003_20240706200003.mp4,-9223372036854775808,-9223372036854775808,-9223372036854775808,26995,14.99330730309308,949445016,256,3,True
/lustre/isaac24/scratch/eopoku2/downey_cross_sucking_videos_2024/Group 1 Day 1/Cam 9/N884A6_ch9_main_20240706200003_20240706203003.mp4,-9223372036854775808,-9223372036854775808,-9223372036854775808,26991,14.9927510873369,949519357,256,3,True
/lustre/isaac24/scratch/eopoku2/downey_cross_sucking_videos_2024/Group 1 Day 1/Cam 9/N884A6_ch9_main_20240706203003_20240706210003.mp4,-9223372036854775808,-9223372036854775808,-9223372036854775808,26980,14.990637796631828,949363774,256,3,True
/lustre/isaac24/scratch/eopoku2/downey_cross_sucking_videos_2024/Group 1 Day 1/Cam 9/N884A6_ch9_main_20240706210003_20240706213003.mp4,-9223372036854775808,-9223372036854775808,-9223372036854775808,26991,14.98950384858885,949288539,256,3,True
/lustre/isaac24/scratch/eopoku2/downey_cross_sucking_videos_2024/Group 1 Day 1/Cam 9/N884A6_ch9_main_20240706213003_20240706220003.mp4,-9223372036854775808,-9223372036854775808,-9223372036854775808,26992,14.992890152861714,949425802,256,3,True
/lustre/isaac24/scratch/eopoku2/downey_cross_sucking_videos_2024/Group 1 Day 1/Cam 9/N884A6_ch9_main_20240706220003_20240706223003.mp4,-9223372036854775808,-9223372036854775808,-9223372036854775808,26992,14.993806278156438,949551725,256,3,True
/lustre/isaac24/scratch/eopoku2/downey_cross_sucking_videos_2024/Group 1 Day 1/Cam 9/N884A6_ch9_main_20240706223003_20240706230003.mp4,-9223372036854775808,-9223372036854775808,-9223372036854775808,26979,14.993997732476714,949333139,256,3,True
/lustre/isaac24/scratch/eopoku2/downey_cross_sucking_videos_2024/Group 1 Day 1/Cam 9/N884A6_ch9_main_20240706230003_20240706233003.mp4,-9223372036854775808,-9223372036854775808,-9223372036854775808,26992,14.993722989412404,949556204,256,3,True
/lustre/isaac24/scratch/eopoku2/downey_cross_sucking_videos_2024/Group 1 Day 1/Cam 9/N884A6_ch9_main_20240706233003_20240707000000.mp4,-9223372036854775808,-9223372036854775808,-9223372036854775808,26242,14.993715003999544,925217542,256,3,True
/lustre/isaac24/scratch/eopoku2/downey_cross_sucking_videos_2024/Group 1 Day 1/Cam 9/N884A6_ch9_main_20240707000000_20240707003003.mp4,-9223372036854775808,-9223372036854775808,-9223372036854775808,27030,14.98976836010936,950630747,256,3,True
/lustre/isaac24/scratch/eopoku2/downey_cross_sucking_videos_2024/Group 1 Day 1/Cam 9/N884A6_ch9_main_20240707003003_20240707010003.mp4,-9223372036854775808,-9223372036854775808,-9223372036854775808,26982,14.99366511813999,949969437,256,3,True
/lustre/isaac24/scratch/eopoku2/downey_cross_sucking_videos_2024/Group 1 Day 1/Cam 9/N884A6_ch9_main_20240707010003_20240707013003.mp4,-9223372036854775808,-9223372036854775808,-9223372036854775808,26995,14.993723686695327,949506872,256,3,True
/lustre/isaac24/scratch/eopoku2/downey_cross_sucking_videos_2024/Group 1 Day 1/Cam 9/N884A6_ch9_main_20240707013003_20240707020003.mp4,-9223372036854775808,-9223372036854775808,-9223372036854775808,26992,14.993722989412404,949480104,256,3,True
/lustre/isaac24/scratch/eopoku2/downey_cross_sucking_videos_2024/Group 1 Day 1/Cam 9/N884A6_ch9_main_20240707020003_20240707023003.mp4,-9223372036854775808,-9223372036854775808,-9223372036854775808,26989,14.993722291974532,949332623,256,3,True
/lustre/isaac24/scratch/eopoku2/downey_cross_sucking_videos_2024/Group 1 Day 1/Cam 9/N884A6_ch9_main_20240707023003_20240707030003.mp4,-9223372036854775808,-9223372036854775808,-9223372036854775808,26980,14.990138067061144,950038007,256,3,True
/lustre/isaac24/scratch/eopoku2/downey_cross_sucking_videos_2024/Group 1 Day 1/Cam 9/N884A6_ch9_main_20240707030003_20240707033003.mp4,-9223372036854775808,-9223372036854775808,-9223372036854775808,26991,14.990669362184258,949385443,256,3,True
/lustre/isaac24/scratch/eopoku2/downey_cross_sucking_videos_2024/Group 1 Day 1/Cam 9/N884A6_ch9_main_20240707033003_20240707040003.mp4,-9223372036854775808,-9223372036854775808,-9223372036854775808,26992,14.99330655957162,949522814,256,3,True
/lustre/isaac24/scratch/eopoku2/downey_cross_sucking_videos_2024/Group 1 Day 1/Cam 9/N884A6_ch9_main_20240707040003_20240707043003.mp4,-9223372036854775808,-9223372036854775808,-9223372036854775808,26993,14.993445609669392,952162869,256,3,True
/lustre/isaac24/scratch/eopoku2/downey_cross_sucking_videos_2024/Group 1 Day 1/Cam 9/N884A6_ch9_main_20240707043003_20240707050002.mp4,-9223372036854775808,-9223372036854775808,-9223372036854775808,26965,14.993716706887156,948228139,256,3,True
/lustre/isaac24/scratch/eopoku2/downey_cross_sucking_videos_2024/Group 1 Day 1/Cam 9/._N884A6_ch9_main_20240706203003_20240706210003.mp4,-1,-1,-1,-1,-1.0,4096,256,3,False
/lustre/isaac24/scratch/eopoku2/downey_cross_sucking_videos_2024/Group 1 Day 1/Cam 9/._N884A6_ch9_main_20240706093003_20240706100003.mp4,-1,-1,-1,-1,-1.0,4096,256,3,False
/lustre/isaac24/scratch/eopoku2/downey_cross_sucking_videos_2024/Group 1 Day 1/Cam 9/._N884A6_ch9_main_20240706060003_20240706063003.mp4,-1,-1,-1,-1,-1.0,4096,256,3,False
/lustre/isaac24/scratch/eopoku2/downey_cross_sucking_videos_2024/Group 1 Day 1/Cam 9/._N884A6_ch9_main_20240706110003_20240706113004.mp4,-1,-1,-1,-1,-1.0,4096,256,3,False
/lustre/isaac24/scratch/eopoku2/downey_cross_sucking_videos_2024/Group 1 Day 1/Cam 9/._N884A6_ch9_main_20240706120003_20240706123003.mp4,-1,-1,-1,-1,-1.0,4096,256,3,False
/lustre/isaac24/scratch/eopoku2/downey_cross_sucking_videos_2024/Group 1 Day 1/Cam 9/._N884A6_ch9_main_20240706150003_20240706153003.mp4,-1,-1,-1,-1,-1.0,4096,256,3,False
/lustre/isaac24/scratch/eopoku2/downey_cross_sucking_videos_2024/Group 1 Day 1/Cam 9/._N884A6_ch9_main_20240706113004_20240706120003.mp4,-1,-1,-1,-1,-1.0,4096,256,3,False
/lustre/isaac24/scratch/eopoku2/downey_cross_sucking_videos_2024/Group 1 Day 1/Cam 10/N884A6_ch10_main_20240706043000_20240706050004.mp4,-9223372036854775808,-9223372036854775808,-9223372036854775808,27113,14.993142958260524,954308457,256,3,True
/lustre/isaac24/scratch/eopoku2/downey_cross_sucking_videos_2024/Group 1 Day 1/Cam 10/N884A6_ch10_main_20240706050004_20240706053004.mp4,-9223372036854775808,-9223372036854775808,-9223372036854775808,26980,14.994303498485564,949344364,256,3,True
/lustre/isaac24/scratch/eopoku2/downey_cross_sucking_videos_2024/Group 1 Day 1/Cam 10/N884A6_ch10_main_20240706053004_20240706060004.mp4,-9223372036854775808,-9223372036854775808,-9223372036854775808,26992,14.990641956247677,949464136,256,3,True
/lustre/isaac24/scratch/eopoku2/downey_cross_sucking_videos_2024/Group 1 Day 1/Cam 10/N884A6_ch10_main_20240706060004_20240706063004.mp4,-9223372036854775808,-9223372036854775808,-9223372036854775808,26990,14.99036373431677,950626614,256,3,True
/lustre/isaac24/scratch/eopoku2/downey_cross_sucking_videos_2024/Group 1 Day 1/Cam 10/N884A6_ch10_main_20240706063004_20240706070004.mp4,-9223372036854775808,-9223372036854775808,-9223372036854775808,26995,14.993890246611864,950149832,256,3,True
/lustre/isaac24/scratch/eopoku2/downey_cross_sucking_videos_2024/Group 1 Day 1/Cam 10/N884A6_ch10_main_20240706070004_20240706073004.mp4,-9223372036854775808,-9223372036854775808,-9223372036854775808,26977,14.993386169869837,949338554,256,3,True
/lustre/isaac24/scratch/eopoku2/downey_cross_sucking_videos_2024/Group 1 Day 1/Cam 10/N884A6_ch10_main_20240706073004_20240706080004.mp4,-9223372036854775808,-9223372036854775808,-9223372036854775808,26993,14.993945319009477,950715192,256,3,True
/lustre/isaac24/scratch/eopoku2/downey_cross_sucking_videos_2024/Group 1 Day 1/Cam 10/N884A6_ch10_main_20240706080004_20240706083004.mp4,-9223372036854775808,-9223372036854775808,-9223372036854775808,26993,14.993528892246337,949484260,256,3,True
/lustre/isaac24/scratch/eopoku2/downey_cross_sucking_videos_2024/Group 1 Day 1/Cam 10/N884A6_ch10_main_20240706083004_20240706090004.mp4,-9223372036854775808,-9223372036854775808,-9223372036854775808,26995,14.991059231204948,949486253,256,3,True
/lustre/isaac24/scratch/eopoku2/downey_cross_sucking_videos_2024/Group 1 Day 1/Cam 10/N884A6_ch10_main_20240706090004_20240706093004.mp4,-9223372036854775808,-9223372036854775808,-9223372036854775808,26977,14.98997038345919,949327120,256,3,True
/lustre/isaac24/scratch/eopoku2/downey_cross_sucking_videos_2024/Group 1 Day 1/Cam 10/N884A6_ch10_main_20240706093004_20240706100004.mp4,-9223372036854775808,-9223372036854775808,-9223372036854775808,26994,14.993584652043747,949413601,256,3,True
/lustre/isaac24/scratch/eopoku2/downey_cross_sucking_videos_2024/Group 1 Day 1/Cam 10/N884A6_ch10_main_20240706100004_20240706103004.mp4,-9223372036854775808,-9223372036854775808,-9223372036854775808,26990,14.994444444444444,949543356,256,3,True
/lustre/isaac24/scratch/eopoku2/downey_cross_sucking_videos_2024/Group 1 Day 1/Cam 10/N884A6_ch10_main_20240706103004_20240706110004.mp4,-9223372036854775808,-9223372036854775808,-9223372036854775808,26995,14.993723686695327,949445813,256,3,True
/lustre/isaac24/scratch/eopoku2/downey_cross_sucking_videos_2024/Group 1 Day 1/Cam 10/N884A6_ch10_main_20240706110004_20240706113005.mp4,-9223372036854775808,-9223372036854775808,-9223372036854775808,26992,14.99472251541581,949446528,256,3,True
/lustre/isaac24/scratch/eopoku2/downey_cross_sucking_videos_2024/Group 1 Day 1/Cam 10/N884A6_ch10_main_20240706113005_20240706120004.mp4,-9223372036854775808,-9223372036854775808,-9223372036854775808,26977,14.990553456323628,949302001,256,3,True
/lustre/isaac24/scratch/eopoku2/downey_cross_sucking_videos_2024/Group 1 Day 1/Cam 10/N884A6_ch10_main_20240706120004_20240706123004.mp4,-9223372036854775808,-9223372036854775808,-9223372036854775808,26994,14.99100339871604,949330697,256,3,True
/lustre/isaac24/scratch/eopoku2/downey_cross_sucking_videos_2024/Group 1 Day 1/Cam 10/N884A6_ch10_main_20240706123004_20240706130004.mp4,-9223372036854775808,-9223372036854775808,-9223372036854775808,26993,14.994028607137896,949362832,256,3,True
/lustre/isaac24/scratch/eopoku2/downey_cross_sucking_videos_2024/Group 1 Day 1/Cam 10/N884A6_ch10_main_20240706130004_20240706133004.mp4,-9223372036854775808,-9223372036854775808,-9223372036854775808,26993,14.993945319009477,949323740,256,3,True
/lustre/isaac24/scratch/eopoku2/downey_cross_sucking_videos_2024/Group 1 Day 1/Cam 10/N884A6_ch10_main_20240706133004_20240706140004.mp4,-9223372036854775808,-9223372036854775808,-9223372036854775808,26970,14.994662633990126,948582675,256,3,True
/lustre/isaac24/scratch/eopoku2/downey_cross_sucking_videos_2024/Group 1 Day 1/Cam 10/N884A6_ch10_main_20240706140004_20240706143004.mp4,-9223372036854775808,-9223372036854775808,-9223372036854775808,27001,14.993392046022455,950185526,256,3,True
/lustre/isaac24/scratch/eopoku2/downey_cross_sucking_videos_2024/Group 1 Day 1/Cam 10/N884A6_ch10_main_20240706143004_20240706150004.mp4,-9223372036854775808,-9223372036854775808,-9223372036854775808,26990,14.991362886517772,949243524,256,3,True
/lustre/isaac24/scratch/eopoku2/downey_cross_sucking_videos_2024/Group 1 Day 1/Cam 10/N884A6_ch10_main_20240706150004_20240706153004.mp4,-9223372036854775808,-9223372036854775808,-9223372036854775808,26995,14.990310023711288,949989744,256,3,True
/lustre/isaac24/scratch/eopoku2/downey_cross_sucking_videos_2024/Group 1 Day 1/Cam 10/N884A6_ch10_main_20240706153004_20240706160004.mp4,-9223372036854775808,-9223372036854775808,-9223372036854775808,26994,14.994500794329708,949256983,256,3,True
/lustre/isaac24/scratch/eopoku2/downey_cross_sucking_videos_2024/Group 1 Day 1/Cam 10/N884A6_ch10_main_20240706160004_20240706163004.mp4,-9223372036854775808,-9223372036854775808,-9223372036854775808,26978,14.995358764708826,949234924,256,3,True
/lustre/isaac24/scratch/eopoku2/downey_cross_sucking_videos_2024/Group 1 Day 1/Cam 10/N884A6_ch10_main_20240706163004_20240706170004.mp4,-9223372036854775808,-9223372036854775808,-9223372036854775808,26991,14.994000399973334,949087547,256,3,True
/lustre/isaac24/scratch/eopoku2/downey_cross_sucking_videos_2024/Group 1 Day 1/Cam 10/N884A6_ch10_main_20240706170004_20240706173004.mp4,-9223372036854775808,-9223372036854775808,-9223372036854775808,26996,14.994279112651492,949376809,256,3,True
/lustre/isaac24/scratch/eopoku2/downey_cross_sucking_videos_2024/Group 1 Day 1/Cam 10/N884A6_ch10_main_20240706173004_20240706180004.mp4,-9223372036854775808,-9223372036854775808,-9223372036854775808,26994,14.99033741309225,950116307,256,3,True
/lustre/isaac24/scratch/eopoku2/downey_cross_sucking_videos_2024/Group 1 Day 1/Cam 10/N884A6_ch10_main_20240706180004_20240706183004.mp4,-9223372036854775808,-9223372036854775808,-9223372036854775808,26975,14.990275076410114,949288273,256,3,True
/lustre/isaac24/scratch/eopoku2/downey_cross_sucking_videos_2024/Group 1 Day 1/Cam 10/N884A6_ch10_main_20240706183004_20240706190004.mp4,-9223372036854775808,-9223372036854775808,-9223372036854775808,26995,14.99330730309308,949369701,256,3,True
/lustre/isaac24/scratch/eopoku2/downey_cross_sucking_videos_2024/Group 1 Day 1/Cam 10/N884A6_ch10_main_20240706190004_20240706193004.mp4,-9223372036854775808,-9223372036854775808,-9223372036854775808,26992,14.994639216492326,949619845,256,3,True
/lustre/isaac24/scratch/eopoku2/downey_cross_sucking_videos_2024/Group 1 Day 1/Cam 10/N884A6_ch10_main_20240706193004_20240706200004.mp4,-9223372036854775808,-9223372036854775808,-9223372036854775808,26991,14.993583939294622,949358138,256,3,True
/lustre/isaac24/scratch/eopoku2/downey_cross_sucking_videos_2024/Group 1 Day 1/Cam 10/N884A6_ch10_main_20240706200004_20240706203004.mp4,-9223372036854775808,-9223372036854775808,-9223372036854775808,26995,14.993806966191034,949519527,256,3,True
/lustre/isaac24/scratch/eopoku2/downey_cross_sucking_videos_2024/Group 1 Day 1/Cam 10/N884A6_ch10_main_20240706203004_20240706210004.mp4,-9223372036854775808,-9223372036854775808,-9223372036854775808,26977,14.990553456323628,949315598,256,3,True
/lustre/isaac24/scratch/eopoku2/downey_cross_sucking_videos_2024/Group 1 Day 1/Cam 10/N884A6_ch10_main_20240706210004_20240706213004.mp4,-9223372036854775808,-9223372036854775808,-9223372036854775808,26994,14.990420658059142,949638566,256,3,True
/lustre/isaac24/scratch/eopoku2/downey_cross_sucking_videos_2024/Group 1 Day 1/Cam 10/N884A6_ch10_main_20240706213004_20240706220004.mp4,-9223372036854775808,-9223372036854775808,-9223372036854775808,26993,14.993945319009477,949507285,256,3,True
/lustre/isaac24/scratch/eopoku2/downey_cross_sucking_videos_2024/Group 1 Day 1/Cam 10/N884A6_ch10_main_20240706220004_20240706223004.mp4,-9223372036854775808,-9223372036854775808,-9223372036854775808,26991,14.99333407399178,949458008,256,3,True
/lustre/isaac24/scratch/eopoku2/downey_cross_sucking_videos_2024/Group 1 Day 1/Cam 10/N884A6_ch10_main_20240706223004_20240706230004.mp4,-9223372036854775808,-9223372036854775808,-9223372036854775808,26979,14.993581086713682,949289102,256,3,True
/lustre/isaac24/scratch/eopoku2/downey_cross_sucking_videos_2024/Group 1 Day 1/Cam 10/N884A6_ch10_main_20240706230004_20240706233004.mp4,-9223372036854775808,-9223372036854775808,-9223372036854775808,26992,14.994139442385997,949421932,256,3,True
/lustre/isaac24/scratch/eopoku2/downey_cross_sucking_videos_2024/Group 1 Day 1/Cam 10/N884A6_ch10_main_20240706233004_20240707000000.mp4,-9223372036854775808,-9223372036854775808,-9223372036854775808,26285,14.94179039996362,925800942,256,3,True
/lustre/isaac24/scratch/eopoku2/downey_cross_sucking_videos_2024/Group 1 Day 1/Cam 10/N884A6_ch10_main_20240707000000_20240707003004.mp4,-9223372036854775808,-9223372036854775808,-9223372036854775808,27052,14.98941675809258,951582670,256,3,True
/lustre/isaac24/scratch/eopoku2/downey_cross_sucking_videos_2024/Group 1 Day 1/Cam 10/N884A6_ch10_main_20240707003004_20240707010004.mp4,-9223372036854775808,-9223372036854775808,-9223372036854775808,26977,14.993552833418557,949295524,256,3,True
/lustre/isaac24/scratch/eopoku2/downey_cross_sucking_videos_2024/Group 1 Day 1/Cam 10/N884A6_ch10_main_20240707010004_20240707013004.mp4,-9223372036854775808,-9223372036854775808,-9223372036854775808,26990,14.993111723402365,949434608,256,3,True
/lustre/isaac24/scratch/eopoku2/downey_cross_sucking_videos_2024/Group 1 Day 1/Cam 10/N884A6_ch10_main_20240707013004_20240707020004.mp4,-9223372036854775808,-9223372036854775808,-9223372036854775808,26992,14.992973432353317,949462356,256,3,True
/lustre/isaac24/scratch/eopoku2/downey_cross_sucking_videos_2024/Group 1 Day 1/Cam 10/N884A6_ch10_main_20240707020004_20240707023004.mp4,-9223372036854775808,-9223372036854775808,-9223372036854775808,26993,14.993945319009477,949451948,256,3,True
/lustre/isaac24/scratch/eopoku2/downey_cross_sucking_videos_2024/Group 1 Day 1/Cam 10/N884A6_ch10_main_20240707023004_20240707030004.mp4,-9223372036854775808,-9223372036854775808,-9223372036854775808,26978,14.991442352575074,949292081,256,3,True
/lustre/isaac24/scratch/eopoku2/downey_cross_sucking_videos_2024/Group 1 Day 1/Cam 10/N884A6_ch10_main_20240707030004_20240707033004.mp4,-9223372036854775808,-9223372036854775808,-9223372036854775808,26995,14.990892734178905,949552215,256,3,True
/lustre/isaac24/scratch/eopoku2/downey_cross_sucking_videos_2024/Group 1 Day 1/Cam 10/N884A6_ch10_main_20240707033004_20240707040004.mp4,-9223372036854775808,-9223372036854775808,-9223372036854775808,26991,14.993667229579591,949439628,256,3,True
/lustre/isaac24/scratch/eopoku2/downey_cross_sucking_videos_2024/Group 1 Day 1/Cam 10/N884A6_ch10_main_20240707040004_20240707043004.mp4,-9223372036854775808,-9223372036854775808,-9223372036854775808,26992,14.993806278156438,949468991,256,3,True
/lustre/isaac24/scratch/eopoku2/downey_cross_sucking_videos_2024/Group 1 Day 1/Cam 10/N884A6_ch10_main_20240707043004_20240707050003.mp4,-9223372036854775808,-9223372036854775808,-9223372036854775808,26962,14.993799389392786,948380909,256,3,True
/lustre/isaac24/scratch/eopoku2/downey_cross_sucking_videos_2024/Group 1 Day 1/Cam 10/._N884A6_ch10_main_20240706130004_20240706133004.mp4,-1,-1,-1,-1,-1.0,4096,256,3,False
/lustre/isaac24/scratch/eopoku2/downey_cross_sucking_videos_2024/Group 1 Day 4/._N884A6_ch7_main_20240709050000_20240709053000.mp4,-1,-1,-1,-1,-1.0,4096,256,3,False
/lustre/isaac24/scratch/eopoku2/downey_cross_sucking_videos_2024/Group 1 Day 4/._N884A6_ch7_main_20240709053000_20240709060000.mp4,-1,-1,-1,-1,-1.0,4096,256,3,False
/lustre/isaac24/scratch/eopoku2/downey_cross_sucking_videos_2024/Group 1 Day 4/._N884A6_ch7_main_20240709060000_20240709063000.mp4,-1,-1,-1,-1,-1.0,4096,256,3,False
/lustre/isaac24/scratch/eopoku2/downey_cross_sucking_videos_2024/Group 1 Day 4/._N884A6_ch7_main_20240709063000_20240709070000.mp4,-1,-1,-1,-1,-1.0,4096,256,3,False
/lustre/isaac24/scratch/eopoku2/downey_cross_sucking_videos_2024/Group 1 Day 4/._N884A6_ch7_main_20240709070000_20240709073000.mp4,-1,-1,-1,-1,-1.0,4096,256,3,False
/lustre/isaac24/scratch/eopoku2/downey_cross_sucking_videos_2024/Group 1 Day 4/._N884A6_ch7_main_20240709073000_20240709080000.mp4,-1,-1,-1,-1,-1.0,4096,256,3,False
/lustre/isaac24/scratch/eopoku2/downey_cross_sucking_videos_2024/Group 1 Day 4/._N884A6_ch7_main_20240709080000_20240709083000.mp4,-1,-1,-1,-1,-1.0,4096,256,3,False
/lustre/isaac24/scratch/eopoku2/downey_cross_sucking_videos_2024/Group 1 Day 4/._N884A6_ch7_main_20240709083000_20240709090000.mp4,-1,-1,-1,-1,-1.0,4096,256,3,False
/lustre/isaac24/scratch/eopoku2/downey_cross_sucking_videos_2024/Group 1 Day 4/._N884A6_ch7_main_20240709090000_20240709093000.mp4,-1,-1,-1,-1,-1.0,4096,256,3,False
/lustre/isaac24/scratch/eopoku2/downey_cross_sucking_videos_2024/Group 1 Day 4/._N884A6_ch7_main_20240709093000_20240709100000.mp4,-1,-1,-1,-1,-1.0,4096,256,3,False
/lustre/isaac24/scratch/eopoku2/downey_cross_sucking_videos_2024/Group 1 Day 4/._N884A6_ch7_main_20240709100000_20240709103000.mp4,-1,-1,-1,-1,-1.0,4096,256,3,False
/lustre/isaac24/scratch/eopoku2/downey_cross_sucking_videos_2024/Group 1 Day 4/._N884A6_ch7_main_20240709103000_20240709110000.mp4,-1,-1,-1,-1,-1.0,4096,256,3,False
/lustre/isaac24/scratch/eopoku2/downey_cross_sucking_videos_2024/Group 1 Day 4/._N884A6_ch7_main_20240709110000_20240709113000.mp4,-1,-1,-1,-1,-1.0,4096,256,3,False
/lustre/isaac24/scratch/eopoku2/downey_cross_sucking_videos_2024/Group 1 Day 4/._N884A6_ch7_main_20240709113000_20240709120000.mp4,-1,-1,-1,-1,-1.0,4096,256,3,False
/lustre/isaac24/scratch/eopoku2/downey_cross_sucking_videos_2024/Group 1 Day 4/._N884A6_ch7_main_20240709120000_20240709123000.mp4,-1,-1,-1,-1,-1.0,4096,256,3,False
/lustre/isaac24/scratch/eopoku2/downey_cross_sucking_videos_2024/Group 1 Day 4/._N884A6_ch7_main_20240709123000_20240709130000.mp4,-1,-1,-1,-1,-1.0,4096,256,3,False
/lustre/isaac24/scratch/eopoku2/downey_cross_sucking_videos_2024/Group 1 Day 4/._N884A6_ch7_main_20240709130000_20240709133000.mp4,-1,-1,-1,-1,-1.0,4096,256,3,False
/lustre/isaac24/scratch/eopoku2/downey_cross_sucking_videos_2024/Group 1 Day 4/._N884A6_ch7_main_20240709133000_20240709140000.mp4,-1,-1,-1,-1,-1.0,4096,256,3,False
/lustre/isaac24/scratch/eopoku2/downey_cross_sucking_videos_2024/Group 1 Day 4/._N884A6_ch7_main_20240709140000_20240709143000.mp4,-1,-1,-1,-1,-1.0,4096,256,3,False
/lustre/isaac24/scratch/eopoku2/downey_cross_sucking_videos_2024/Group 1 Day 4/._N884A6_ch7_main_20240709143000_20240709150000.mp4,-1,-1,-1,-1,-1.0,4096,256,3,False
/lustre/isaac24/scratch/eopoku2/downey_cross_sucking_videos_2024/Group 1 Day 4/._N884A6_ch7_main_20240709150000_20240709153000.mp4,-1,-1,-1,-1,-1.0,4096,256,3,False
/lustre/isaac24/scratch/eopoku2/downey_cross_sucking_videos_2024/Group 1 Day 4/._N884A6_ch7_main_20240709153000_20240709160000.mp4,-1,-1,-1,-1,-1.0,4096,256,3,False
/lustre/isaac24/scratch/eopoku2/downey_cross_sucking_videos_2024/Group 1 Day 4/._N884A6_ch7_main_20240709160000_20240709163000.mp4,-1,-1,-1,-1,-1.0,4096,256,3,False
/lustre/isaac24/scratch/eopoku2/downey_cross_sucking_videos_2024/Group 1 Day 4/._N884A6_ch7_main_20240709163000_20240709170000.mp4,-1,-1,-1,-1,-1.0,4096,256,3,False
/lustre/isaac24/scratch/eopoku2/downey_cross_sucking_videos_2024/Group 1 Day 4/._N884A6_ch7_main_20240709170000_20240709173000.mp4,-1,-1,-1,-1,-1.0,4096,256,3,False
/lustre/isaac24/scratch/eopoku2/downey_cross_sucking_videos_2024/Group 1 Day 4/._N884A6_ch7_main_20240709173000_20240709180000.mp4,-1,-1,-1,-1,-1.0,4096,256,3,False
/lustre/isaac24/scratch/eopoku2/downey_cross_sucking_videos_2024/Group 1 Day 4/._N884A6_ch7_main_20240709180000_20240709183000.mp4,-1,-1,-1,-1,-1.0,4096,256,3,False
/lustre/isaac24/scratch/eopoku2/downey_cross_sucking_videos_2024/Group 1 Day 4/._N884A6_ch7_main_20240709183000_20240709190000.mp4,-1,-1,-1,-1,-1.0,4096,256,3,False
/lustre/isaac24/scratch/eopoku2/downey_cross_sucking_videos_2024/Group 1 Day 4/._N884A6_ch7_main_20240709190000_20240709193000.mp4,-1,-1,-1,-1,-1.0,4096,256,3,False
/lustre/isaac24/scratch/eopoku2/downey_cross_sucking_videos_2024/Group 1 Day 4/._N884A6_ch7_main_20240709193000_20240709200000.mp4,-1,-1,-1,-1,-1.0,4096,256,3,False
/lustre/isaac24/scratch/eopoku2/downey_cross_sucking_videos_2024/Group 1 Day 4/._N884A6_ch7_main_20240709200000_20240709203000.mp4,-1,-1,-1,-1,-1.0,4096,256,3,False
/lustre/isaac24/scratch/eopoku2/downey_cross_sucking_videos_2024/Group 1 Day 4/._N884A6_ch7_main_20240709203000_20240709210000.mp4,-1,-1,-1,-1,-1.0,4096,256,3,False
/lustre/isaac24/scratch/eopoku2/downey_cross_sucking_videos_2024/Group 1 Day 4/._N884A6_ch7_main_20240709210000_20240709213000.mp4,-1,-1,-1,-1,-1.0,4096,256,3,False
/lustre/isaac24/scratch/eopoku2/downey_cross_sucking_videos_2024/Group 1 Day 4/._N884A6_ch7_main_20240709213000_20240709220000.mp4,-1,-1,-1,-1,-1.0,4096,256,3,False
/lustre/isaac24/scratch/eopoku2/downey_cross_sucking_videos_2024/Group 1 Day 4/._N884A6_ch7_main_20240709220000_20240709223000.mp4,-1,-1,-1,-1,-1.0,4096,256,3,False
/lustre/isaac24/scratch/eopoku2/downey_cross_sucking_videos_2024/Group 1 Day 4/._N884A6_ch7_main_20240709223000_20240709230000.mp4,-1,-1,-1,-1,-1.0,4096,256,3,False
/lustre/isaac24/scratch/eopoku2/downey_cross_sucking_videos_2024/Group 1 Day 4/._N884A6_ch7_main_20240709230000_20240709233000.mp4,-1,-1,-1,-1,-1.0,4096,256,3,False
/lustre/isaac24/scratch/eopoku2/downey_cross_sucking_videos_2024/Group 1 Day 4/._N884A6_ch7_main_20240709233000_20240710000000.mp4,-1,-1,-1,-1,-1.0,4096,256,3,False
/lustre/isaac24/scratch/eopoku2/downey_cross_sucking_videos_2024/Group 1 Day 4/._N884A6_ch7_main_20240710000000_20240710003000.mp4,-1,-1,-1,-1,-1.0,4096,256,3,False
/lustre/isaac24/scratch/eopoku2/downey_cross_sucking_videos_2024/Group 1 Day 4/._N884A6_ch7_main_20240710003000_20240710010000.mp4,-1,-1,-1,-1,-1.0,4096,256,3,False
/lustre/isaac24/scratch/eopoku2/downey_cross_sucking_videos_2024/Group 1 Day 4/._N884A6_ch7_main_20240710010000_20240710013000.mp4,-1,-1,-1,-1,-1.0,4096,256,3,False
/lustre/isaac24/scratch/eopoku2/downey_cross_sucking_videos_2024/Group 1 Day 4/._N884A6_ch7_main_20240710013000_20240710020000.mp4,-1,-1,-1,-1,-1.0,4096,256,3,False
/lustre/isaac24/scratch/eopoku2/downey_cross_sucking_videos_2024/Group 1 Day 4/._N884A6_ch7_main_20240710020000_20240710023000.mp4,-1,-1,-1,-1,-1.0,4096,256,3,False
/lustre/isaac24/scratch/eopoku2/downey_cross_sucking_videos_2024/Group 1 Day 4/._N884A6_ch7_main_20240710023000_20240710030000.mp4,-1,-1,-1,-1,-1.0,4096,256,3,False
/lustre/isaac24/scratch/eopoku2/downey_cross_sucking_videos_2024/Group 1 Day 4/._N884A6_ch7_main_20240710030000_20240710033000.mp4,-1,-1,-1,-1,-1.0,4096,256,3,False
/lustre/isaac24/scratch/eopoku2/downey_cross_sucking_videos_2024/Group 1 Day 4/._N884A6_ch7_main_20240710033000_20240710040000.mp4,-1,-1,-1,-1,-1.0,4096,256,3,False
/lustre/isaac24/scratch/eopoku2/downey_cross_sucking_videos_2024/Group 1 Day 4/._N884A6_ch7_main_20240710040000_20240710043000.mp4,-1,-1,-1,-1,-1.0,4096,256,3,False
/lustre/isaac24/scratch/eopoku2/downey_cross_sucking_videos_2024/Group 1 Day 4/._N884A6_ch7_main_20240710043000_20240710050000.mp4,-1,-1,-1,-1,-1.0,4096,256,3,False
/lustre/isaac24/scratch/eopoku2/downey_cross_sucking_videos_2024/Group 1 Day 4/._N884A6_ch8_main_20240709050001_20240709053001.mp4,-1,-1,-1,-1,-1.0,4096,256,3,False
/lustre/isaac24/scratch/eopoku2/downey_cross_sucking_videos_2024/Group 1 Day 4/._N884A6_ch8_main_20240709053001_20240709060001.mp4,-1,-1,-1,-1,-1.0,4096,256,3,False
/lustre/isaac24/scratch/eopoku2/downey_cross_sucking_videos_2024/Group 1 Day 4/._N884A6_ch8_main_20240709060001_20240709063001.mp4,-1,-1,-1,-1,-1.0,4096,256,3,False
/lustre/isaac24/scratch/eopoku2/downey_cross_sucking_videos_2024/Group 1 Day 4/._N884A6_ch8_main_20240709063001_20240709070001.mp4,-1,-1,-1,-1,-1.0,4096,256,3,False
/lustre/isaac24/scratch/eopoku2/downey_cross_sucking_videos_2024/Group 1 Day 4/._N884A6_ch8_main_20240709070001_20240709073001.mp4,-1,-1,-1,-1,-1.0,4096,256,3,False
/lustre/isaac24/scratch/eopoku2/downey_cross_sucking_videos_2024/Group 1 Day 4/._N884A6_ch8_main_20240709073001_20240709080001.mp4,-1,-1,-1,-1,-1.0,4096,256,3,False
/lustre/isaac24/scratch/eopoku2/downey_cross_sucking_videos_2024/Group 1 Day 4/._N884A6_ch8_main_20240709080001_20240709083001.mp4,-1,-1,-1,-1,-1.0,4096,256,3,False
/lustre/isaac24/scratch/eopoku2/downey_cross_sucking_videos_2024/Group 1 Day 4/._N884A6_ch8_main_20240709083001_20240709090001.mp4,-1,-1,-1,-1,-1.0,4096,256,3,False
/lustre/isaac24/scratch/eopoku2/downey_cross_sucking_videos_2024/Group 1 Day 4/._N884A6_ch8_main_20240709090001_20240709093001.mp4,-1,-1,-1,-1,-1.0,4096,256,3,False
/lustre/isaac24/scratch/eopoku2/downey_cross_sucking_videos_2024/Group 1 Day 4/._N884A6_ch8_main_20240709093001_20240709100001.mp4,-1,-1,-1,-1,-1.0,4096,256,3,False
/lustre/isaac24/scratch/eopoku2/downey_cross_sucking_videos_2024/Group 1 Day 4/._N884A6_ch8_main_20240709100001_20240709103001.mp4,-1,-1,-1,-1,-1.0,4096,256,3,False
/lustre/isaac24/scratch/eopoku2/downey_cross_sucking_videos_2024/Group 1 Day 4/._N884A6_ch8_main_20240709103001_20240709110001.mp4,-1,-1,-1,-1,-1.0,4096,256,3,False
/lustre/isaac24/scratch/eopoku2/downey_cross_sucking_videos_2024/Group 1 Day 4/._N884A6_ch8_main_20240709110001_20240709113001.mp4,-1,-1,-1,-1,-1.0,4096,256,3,False
/lustre/isaac24/scratch/eopoku2/downey_cross_sucking_videos_2024/Group 1 Day 4/._N884A6_ch8_main_20240709113001_20240709120001.mp4,-1,-1,-1,-1,-1.0,4096,256,3,False
/lustre/isaac24/scratch/eopoku2/downey_cross_sucking_videos_2024/Group 1 Day 4/._N884A6_ch8_main_20240709120001_20240709123001.mp4,-1,-1,-1,-1,-1.0,4096,256,3,False
/lustre/isaac24/scratch/eopoku2/downey_cross_sucking_videos_2024/Group 1 Day 4/._N884A6_ch8_main_20240709123001_20240709130001.mp4,-1,-1,-1,-1,-1.0,4096,256,3,False
/lustre/isaac24/scratch/eopoku2/downey_cross_sucking_videos_2024/Group 1 Day 4/._N884A6_ch8_main_20240709130001_20240709133001.mp4,-1,-1,-1,-1,-1.0,4096,256,3,False
/lustre/isaac24/scratch/eopoku2/downey_cross_sucking_videos_2024/Group 1 Day 4/._N884A6_ch8_main_20240709133001_20240709140001.mp4,-1,-1,-1,-1,-1.0,4096,256,3,False
/lustre/isaac24/scratch/eopoku2/downey_cross_sucking_videos_2024/Group 1 Day 4/._N884A6_ch8_main_20240709140001_20240709143001.mp4,-1,-1,-1,-1,-1.0,4096,256,3,False
/lustre/isaac24/scratch/eopoku2/downey_cross_sucking_videos_2024/Group 1 Day 4/._N884A6_ch8_main_20240709143001_20240709150001.mp4,-1,-1,-1,-1,-1.0,4096,256,3,False
/lustre/isaac24/scratch/eopoku2/downey_cross_sucking_videos_2024/Group 1 Day 4/._N884A6_ch8_main_20240709150001_20240709153001.mp4,-1,-1,-1,-1,-1.0,4096,256,3,False
/lustre/isaac24/scratch/eopoku2/downey_cross_sucking_videos_2024/Group 1 Day 4/._N884A6_ch8_main_20240709153001_20240709160001.mp4,-1,-1,-1,-1,-1.0,4096,256,3,False
/lustre/isaac24/scratch/eopoku2/downey_cross_sucking_videos_2024/Group 1 Day 4/._N884A6_ch8_main_20240709160001_20240709163001.mp4,-1,-1,-1,-1,-1.0,4096,256,3,False
/lustre/isaac24/scratch/eopoku2/downey_cross_sucking_videos_2024/Group 1 Day 4/._N884A6_ch8_main_20240709163001_20240709170001.mp4,-1,-1,-1,-1,-1.0,4096,256,3,False
/lustre/isaac24/scratch/eopoku2/downey_cross_sucking_videos_2024/Group 1 Day 4/._N884A6_ch8_main_20240709170001_20240709173001.mp4,-1,-1,-1,-1,-1.0,4096,256,3,False
/lustre/isaac24/scratch/eopoku2/downey_cross_sucking_videos_2024/Group 1 Day 4/._N884A6_ch8_main_20240709173001_20240709180001.mp4,-1,-1,-1,-1,-1.0,4096,256,3,False
/lustre/isaac24/scratch/eopoku2/downey_cross_sucking_videos_2024/Group 1 Day 4/._N884A6_ch8_main_20240709180001_20240709183001.mp4,-1,-1,-1,-1,-1.0,4096,256,3,False
/lustre/isaac24/scratch/eopoku2/downey_cross_sucking_videos_2024/Group 1 Day 4/._N884A6_ch8_main_20240709183001_20240709190001.mp4,-1,-1,-1,-1,-1.0,4096,256,3,False
/lustre/isaac24/scratch/eopoku2/downey_cross_sucking_videos_2024/Group 1 Day 4/._N884A6_ch8_main_20240709190001_20240709193001.mp4,-1,-1,-1,-1,-1.0,4096,256,3,False
/lustre/isaac24/scratch/eopoku2/downey_cross_sucking_videos_2024/Group 1 Day 4/._N884A6_ch8_main_20240709193001_20240709200001.mp4,-1,-1,-1,-1,-1.0,4096,256,3,False
/lustre/isaac24/scratch/eopoku2/downey_cross_sucking_videos_2024/Group 1 Day 4/._N884A6_ch8_main_20240709200001_20240709203001.mp4,-1,-1,-1,-1,-1.0,4096,256,3,False
/lustre/isaac24/scratch/eopoku2/downey_cross_sucking_videos_2024/Group 1 Day 4/._N884A6_ch8_main_20240709203001_20240709210001.mp4,-1,-1,-1,-1,-1.0,4096,256,3,False
/lustre/isaac24/scratch/eopoku2/downey_cross_sucking_videos_2024/Group 1 Day 4/._N884A6_ch8_main_20240709210001_20240709213001.mp4,-1,-1,-1,-1,-1.0,4096,256,3,False
/lustre/isaac24/scratch/eopoku2/downey_cross_sucking_videos_2024/Group 1 Day 4/._N884A6_ch8_main_20240709213001_20240709220001.mp4,-1,-1,-1,-1,-1.0,4096,256,3,False
/lustre/isaac24/scratch/eopoku2/downey_cross_sucking_videos_2024/Group 1 Day 4/._N884A6_ch8_main_20240709220001_20240709223001.mp4,-1,-1,-1,-1,-1.0,4096,256,3,False
/lustre/isaac24/scratch/eopoku2/downey_cross_sucking_videos_2024/Group 1 Day 4/._N884A6_ch8_main_20240709223001_20240709230001.mp4,-1,-1,-1,-1,-1.0,4096,256,3,False
/lustre/isaac24/scratch/eopoku2/downey_cross_sucking_videos_2024/Group 1 Day 4/._N884A6_ch8_main_20240709230001_20240709233001.mp4,-1,-1,-1,-1,-1.0,4096,256,3,False
/lustre/isaac24/scratch/eopoku2/downey_cross_sucking_videos_2024/Group 1 Day 4/._N884A6_ch8_main_20240709233001_20240710000000.mp4,-1,-1,-1,-1,-1.0,4096,256,3,False
/lustre/isaac24/scratch/eopoku2/downey_cross_sucking_videos_2024/Group 1 Day 4/._N884A6_ch8_main_20240710000000_20240710003001.mp4,-1,-1,-1,-1,-1.0,4096,256,3,False
/lustre/isaac24/scratch/eopoku2/downey_cross_sucking_videos_2024/Group 1 Day 4/._N884A6_ch8_main_20240710003001_20240710010001.mp4,-1,-1,-1,-1,-1.0,4096,256,3,False
/lustre/isaac24/scratch/eopoku2/downey_cross_sucking_videos_2024/Group 1 Day 4/._N884A6_ch8_main_20240710010001_20240710013001.mp4,-1,-1,-1,-1,-1.0,4096,256,3,False
/lustre/isaac24/scratch/eopoku2/downey_cross_sucking_videos_2024/Group 1 Day 4/._N884A6_ch8_main_20240710013001_20240710020001.mp4,-1,-1,-1,-1,-1.0,4096,256,3,False
/lustre/isaac24/scratch/eopoku2/downey_cross_sucking_videos_2024/Group 1 Day 4/._N884A6_ch8_main_20240710020001_20240710023001.mp4,-1,-1,-1,-1,-1.0,4096,256,3,False
/lustre/isaac24/scratch/eopoku2/downey_cross_sucking_videos_2024/Group 1 Day 4/._N884A6_ch8_main_20240710023001_20240710030001.mp4,-1,-1,-1,-1,-1.0,4096,256,3,False
/lustre/isaac24/scratch/eopoku2/downey_cross_sucking_videos_2024/Group 1 Day 4/._N884A6_ch8_main_20240710030001_20240710033001.mp4,-1,-1,-1,-1,-1.0,4096,256,3,False
/lustre/isaac24/scratch/eopoku2/downey_cross_sucking_videos_2024/Group 1 Day 4/._N884A6_ch8_main_20240710033001_20240710040001.mp4,-1,-1,-1,-1,-1.0,4096,256,3,False
/lustre/isaac24/scratch/eopoku2/downey_cross_sucking_videos_2024/Group 1 Day 4/._N884A6_ch8_main_20240710040001_20240710043001.mp4,-1,-1,-1,-1,-1.0,4096,256,3,False
/lustre/isaac24/scratch/eopoku2/downey_cross_sucking_videos_2024/Group 1 Day 4/._N884A6_ch8_main_20240710043001_20240710050001.mp4,-1,-1,-1,-1,-1.0,4096,256,3,False
/lustre/isaac24/scratch/eopoku2/downey_cross_sucking_videos_2024/Group 1 Day 4/._N884A6_ch9_main_20240709050002_20240709053002.mp4,-1,-1,-1,-1,-1.0,4096,256,3,False
/lustre/isaac24/scratch/eopoku2/downey_cross_sucking_videos_2024/Group 1 Day 4/._N884A6_ch9_main_20240709053002_20240709060002.mp4,-1,-1,-1,-1,-1.0,4096,256,3,False
/lustre/isaac24/scratch/eopoku2/downey_cross_sucking_videos_2024/Group 1 Day 4/._N884A6_ch9_main_20240709060002_20240709063002.mp4,-1,-1,-1,-1,-1.0,4096,256,3,False
/lustre/isaac24/scratch/eopoku2/downey_cross_sucking_videos_2024/Group 1 Day 4/._N884A6_ch9_main_20240709063002_20240709070002.mp4,-1,-1,-1,-1,-1.0,4096,256,3,False
/lustre/isaac24/scratch/eopoku2/downey_cross_sucking_videos_2024/Group 1 Day 4/._N884A6_ch9_main_20240709070002_20240709073002.mp4,-1,-1,-1,-1,-1.0,4096,256,3,False
/lustre/isaac24/scratch/eopoku2/downey_cross_sucking_videos_2024/Group 1 Day 4/._N884A6_ch9_main_20240709073002_20240709080002.mp4,-1,-1,-1,-1,-1.0,4096,256,3,False
/lustre/isaac24/scratch/eopoku2/downey_cross_sucking_videos_2024/Group 1 Day 4/._N884A6_ch9_main_20240709080002_20240709083002.mp4,-1,-1,-1,-1,-1.0,4096,256,3,False
/lustre/isaac24/scratch/eopoku2/downey_cross_sucking_videos_2024/Group 1 Day 4/._N884A6_ch9_main_20240709083002_20240709090002.mp4,-1,-1,-1,-1,-1.0,4096,256,3,False
/lustre/isaac24/scratch/eopoku2/downey_cross_sucking_videos_2024/Group 1 Day 4/._N884A6_ch9_main_20240709090002_20240709093002.mp4,-1,-1,-1,-1,-1.0,4096,256,3,False
/lustre/isaac24/scratch/eopoku2/downey_cross_sucking_videos_2024/Group 1 Day 4/._N884A6_ch9_main_20240709093002_20240709100002.mp4,-1,-1,-1,-1,-1.0,4096,256,3,False
/lustre/isaac24/scratch/eopoku2/downey_cross_sucking_videos_2024/Group 1 Day 4/._N884A6_ch9_main_20240709100002_20240709103002.mp4,-1,-1,-1,-1,-1.0,4096,256,3,False
/lustre/isaac24/scratch/eopoku2/downey_cross_sucking_videos_2024/Group 1 Day 4/._N884A6_ch9_main_20240709103002_20240709110002.mp4,-1,-1,-1,-1,25.0,4096,256,3,False
/lustre/isaac24/scratch/eopoku2/downey_cross_sucking_videos_2024/Group 1 Day 4/._N884A6_ch9_main_20240709110002_20240709113002.mp4,-1,-1,-1,-1,-1.0,4096,256,3,False
/lustre/isaac24/scratch/eopoku2/downey_cross_sucking_videos_2024/Group 1 Day 4/._N884A6_ch9_main_20240709113002_20240709120002.mp4,-1,-1,-1,-1,-1.0,4096,256,3,False
/lustre/isaac24/scratch/eopoku2/downey_cross_sucking_videos_2024/Group 1 Day 4/._N884A6_ch9_main_20240709120002_20240709123002.mp4,-1,-1,-1,-1,-1.0,4096,256,3,False
/lustre/isaac24/scratch/eopoku2/downey_cross_sucking_videos_2024/Group 1 Day 4/._N884A6_ch9_main_20240709123002_20240709130002.mp4,-1,-1,-1,-1,-1.0,4096,256,3,False
/lustre/isaac24/scratch/eopoku2/downey_cross_sucking_videos_2024/Group 1 Day 4/._N884A6_ch9_main_20240709130002_20240709133002.mp4,-1,-1,-1,-1,-1.0,4096,256,3,False
/lustre/isaac24/scratch/eopoku2/downey_cross_sucking_videos_2024/Group 1 Day 4/._N884A6_ch9_main_20240709133002_20240709140002.mp4,-1,-1,-1,-1,-1.0,4096,256,3,False
/lustre/isaac24/scratch/eopoku2/downey_cross_sucking_videos_2024/Group 1 Day 4/._N884A6_ch9_main_20240709140002_20240709143002.mp4,-1,-1,-1,-1,-1.0,4096,256,3,False
/lustre/isaac24/scratch/eopoku2/downey_cross_sucking_videos_2024/Group 1 Day 4/._N884A6_ch9_main_20240709143002_20240709150002.mp4,-1,-1,-1,-1,-1.0,4096,256,3,False
/lustre/isaac24/scratch/eopoku2/downey_cross_sucking_videos_2024/Group 1 Day 4/._N884A6_ch9_main_20240709150002_20240709153002.mp4,-1,-1,-1,-1,-1.0,4096,256,3,False
/lustre/isaac24/scratch/eopoku2/downey_cross_sucking_videos_2024/Group 1 Day 4/._N884A6_ch9_main_20240709153002_20240709160002.mp4,-1,-1,-1,-1,-1.0,4096,256,3,False
/lustre/isaac24/scratch/eopoku2/downey_cross_sucking_videos_2024/Group 1 Day 4/._N884A6_ch9_main_20240709160002_20240709163002.mp4,-1,-1,-1,-1,-1.0,4096,256,3,False
/lustre/isaac24/scratch/eopoku2/downey_cross_sucking_videos_2024/Group 1 Day 4/._N884A6_ch9_main_20240709163002_20240709170002.mp4,-1,-1,-1,-1,-1.0,4096,256,3,False
/lustre/isaac24/scratch/eopoku2/downey_cross_sucking_videos_2024/Group 1 Day 4/._N884A6_ch9_main_20240709170002_20240709173002.mp4,-1,-1,-1,-1,-1.0,4096,256,3,False
/lustre/isaac24/scratch/eopoku2/downey_cross_sucking_videos_2024/Group 1 Day 4/._N884A6_ch9_main_20240709173002_20240709180002.mp4,-1,-1,-1,-1,-1.0,4096,256,3,False
/lustre/isaac24/scratch/eopoku2/downey_cross_sucking_videos_2024/Group 1 Day 4/._N884A6_ch9_main_20240709180002_20240709183002.mp4,-1,-1,-1,-1,-1.0,4096,256,3,False
/lustre/isaac24/scratch/eopoku2/downey_cross_sucking_videos_2024/Group 1 Day 4/._N884A6_ch9_main_20240709183002_20240709190002.mp4,-1,-1,-1,-1,-1.0,4096,256,3,False
/lustre/isaac24/scratch/eopoku2/downey_cross_sucking_videos_2024/Group 1 Day 4/._N884A6_ch9_main_20240709190002_20240709193002.mp4,-1,-1,-1,-1,-1.0,4096,256,3,False
/lustre/isaac24/scratch/eopoku2/downey_cross_sucking_videos_2024/Group 1 Day 4/._N884A6_ch9_main_20240709193002_20240709200002.mp4,-1,-1,-1,-1,-1.0,4096,256,3,False
/lustre/isaac24/scratch/eopoku2/downey_cross_sucking_videos_2024/Group 1 Day 4/._N884A6_ch9_main_20240709200002_20240709203002.mp4,-1,-1,-1,-1,-1.0,4096,256,3,False
/lustre/isaac24/scratch/eopoku2/downey_cross_sucking_videos_2024/Group 1 Day 4/._N884A6_ch9_main_20240709203002_20240709210002.mp4,-1,-1,-1,-1,-1.0,4096,256,3,False
/lustre/isaac24/scratch/eopoku2/downey_cross_sucking_videos_2024/Group 1 Day 4/._N884A6_ch9_main_20240709210002_20240709213002.mp4,-1,-1,-1,-1,-1.0,4096,256,3,False
/lustre/isaac24/scratch/eopoku2/downey_cross_sucking_videos_2024/Group 1 Day 4/._N884A6_ch9_main_20240709213002_20240709220002.mp4,-1,-1,-1,-1,-1.0,4096,256,3,False
/lustre/isaac24/scratch/eopoku2/downey_cross_sucking_videos_2024/Group 1 Day 4/._N884A6_ch9_main_20240709220002_20240709223002.mp4,-1,-1,-1,-1,-1.0,4096,256,3,False
/lustre/isaac24/scratch/eopoku2/downey_cross_sucking_videos_2024/Group 1 Day 4/._N884A6_ch9_main_20240709223002_20240709230002.mp4,-1,-1,-1,-1,-1.0,4096,256,3,False
/lustre/isaac24/scratch/eopoku2/downey_cross_sucking_videos_2024/Group 1 Day 4/._N884A6_ch9_main_20240709230002_20240709233002.mp4,-1,-1,-1,-1,-1.0,4096,256,3,False
/lustre/isaac24/scratch/eopoku2/downey_cross_sucking_videos_2024/Group 1 Day 4/._N884A6_ch9_main_20240709233002_20240710000000.mp4,-1,-1,-1,-1,-1.0,4096,256,3,False
/lustre/isaac24/scratch/eopoku2/downey_cross_sucking_videos_2024/Group 1 Day 4/._N884A6_ch9_main_20240710000000_20240710003002.mp4,-1,-1,-1,-1,-1.0,4096,256,3,False
/lustre/isaac24/scratch/eopoku2/downey_cross_sucking_videos_2024/Group 1 Day 4/._N884A6_ch9_main_20240710003002_20240710010002.mp4,-1,-1,-1,-1,-1.0,4096,256,3,False
/lustre/isaac24/scratch/eopoku2/downey_cross_sucking_videos_2024/Group 1 Day 4/._N884A6_ch9_main_20240710010002_20240710013002.mp4,-1,-1,-1,-1,-1.0,4096,256,3,False
/lustre/isaac24/scratch/eopoku2/downey_cross_sucking_videos_2024/Group 1 Day 4/._N884A6_ch9_main_20240710013002_20240710020002.mp4,-1,-1,-1,-1,-1.0,4096,256,3,False
/lustre/isaac24/scratch/eopoku2/downey_cross_sucking_videos_2024/Group 1 Day 4/._N884A6_ch9_main_20240710020002_20240710023002.mp4,-1,-1,-1,-1,-1.0,4096,256,3,False
/lustre/isaac24/scratch/eopoku2/downey_cross_sucking_videos_2024/Group 1 Day 4/._N884A6_ch9_main_20240710023002_20240710030002.mp4,-1,-1,-1,-1,-1.0,4096,256,3,False
/lustre/isaac24/scratch/eopoku2/downey_cross_sucking_videos_2024/Group 1 Day 4/._N884A6_ch9_main_20240710030002_20240710033002.mp4,-1,-1,-1,-1,-1.0,4096,256,3,False
/lustre/isaac24/scratch/eopoku2/downey_cross_sucking_videos_2024/Group 1 Day 4/._N884A6_ch9_main_20240710033002_20240710040002.mp4,-1,-1,-1,-1,-1.0,4096,256,3,False
/lustre/isaac24/scratch/eopoku2/downey_cross_sucking_videos_2024/Group 1 Day 4/._N884A6_ch9_main_20240710040002_20240710043002.mp4,-1,-1,-1,-1,-1.0,4096,256,3,False
/lustre/isaac24/scratch/eopoku2/downey_cross_sucking_videos_2024/Group 1 Day 4/._N884A6_ch9_main_20240710043002_20240710050002.mp4,-1,-1,-1,-1,-1.0,4096,256,3,False
/lustre/isaac24/scratch/eopoku2/downey_cross_sucking_videos_2024/Group 1 Day 4/._N884A6_ch10_main_20240709050003_20240709053003.mp4,-1,-1,-1,-1,-1.0,4096,256,3,False
/lustre/isaac24/scratch/eopoku2/downey_cross_sucking_videos_2024/Group 1 Day 4/._N884A6_ch10_main_20240709053003_20240709060003.mp4,-1,-1,-1,-1,-1.0,4096,256,3,False
/lustre/isaac24/scratch/eopoku2/downey_cross_sucking_videos_2024/Group 1 Day 4/._N884A6_ch10_main_20240709060003_20240709063003.mp4,-1,-1,-1,-1,-1.0,4096,256,3,False
/lustre/isaac24/scratch/eopoku2/downey_cross_sucking_videos_2024/Group 1 Day 4/._N884A6_ch10_main_20240709063003_20240709070003.mp4,-1,-1,-1,-1,-1.0,4096,256,3,False
/lustre/isaac24/scratch/eopoku2/downey_cross_sucking_videos_2024/Group 1 Day 4/._N884A6_ch10_main_20240709070003_20240709073003.mp4,-1,-1,-1,-1,-1.0,4096,256,3,False
/lustre/isaac24/scratch/eopoku2/downey_cross_sucking_videos_2024/Group 1 Day 4/._N884A6_ch10_main_20240709073003_20240709080003.mp4,-1,-1,-1,-1,-1.0,4096,256,3,False
/lustre/isaac24/scratch/eopoku2/downey_cross_sucking_videos_2024/Group 1 Day 4/._N884A6_ch10_main_20240709080003_20240709083003.mp4,-1,-1,-1,-1,-1.0,4096,256,3,False
/lustre/isaac24/scratch/eopoku2/downey_cross_sucking_videos_2024/Group 1 Day 4/._N884A6_ch10_main_20240709083003_20240709090003.mp4,-1,-1,-1,-1,-1.0,4096,256,3,False
/lustre/isaac24/scratch/eopoku2/downey_cross_sucking_videos_2024/Group 1 Day 4/._N884A6_ch10_main_20240709090003_20240709093003.mp4,-1,-1,-1,-1,-1.0,4096,256,3,False
/lustre/isaac24/scratch/eopoku2/downey_cross_sucking_videos_2024/Group 1 Day 4/._N884A6_ch10_main_20240709093003_20240709100003.mp4,-1,-1,-1,-1,-1.0,4096,256,3,False
/lustre/isaac24/scratch/eopoku2/downey_cross_sucking_videos_2024/Group 1 Day 4/._N884A6_ch10_main_20240709100003_20240709103003.mp4,-1,-1,-1,-1,-1.0,4096,256,3,False
/lustre/isaac24/scratch/eopoku2/downey_cross_sucking_videos_2024/Group 1 Day 4/._N884A6_ch10_main_20240709103003_20240709110003.mp4,-1,-1,-1,-1,-1.0,4096,256,3,False
/lustre/isaac24/scratch/eopoku2/downey_cross_sucking_videos_2024/Group 1 Day 4/._N884A6_ch10_main_20240709110003_20240709113003.mp4,-1,-1,-1,-1,-1.0,4096,256,3,False
/lustre/isaac24/scratch/eopoku2/downey_cross_sucking_videos_2024/Group 1 Day 4/._N884A6_ch10_main_20240709113003_20240709120003.mp4,-1,-1,-1,-1,-1.0,4096,256,3,False
/lustre/isaac24/scratch/eopoku2/downey_cross_sucking_videos_2024/Group 1 Day 4/._N884A6_ch10_main_20240709120003_20240709123003.mp4,-1,-1,-1,-1,-1.0,4096,256,3,False
/lustre/isaac24/scratch/eopoku2/downey_cross_sucking_videos_2024/Group 1 Day 4/._N884A6_ch10_main_20240709123003_20240709130003.mp4,-1,-1,-1,-1,-1.0,4096,256,3,False
/lustre/isaac24/scratch/eopoku2/downey_cross_sucking_videos_2024/Group 1 Day 4/._N884A6_ch10_main_20240709130003_20240709133003.mp4,-1,-1,-1,-1,-1.0,4096,256,3,False
/lustre/isaac24/scratch/eopoku2/downey_cross_sucking_videos_2024/Group 1 Day 4/._N884A6_ch10_main_20240709133003_20240709140003.mp4,-1,-1,-1,-1,-1.0,4096,256,3,False
/lustre/isaac24/scratch/eopoku2/downey_cross_sucking_videos_2024/Group 1 Day 4/._N884A6_ch10_main_20240709140003_20240709143003.mp4,-1,-1,-1,-1,-1.0,4096,256,3,False
/lustre/isaac24/scratch/eopoku2/downey_cross_sucking_videos_2024/Group 1 Day 4/._N884A6_ch10_main_20240709143003_20240709150003.mp4,-1,-1,-1,-1,-1.0,4096,256,3,False
/lustre/isaac24/scratch/eopoku2/downey_cross_sucking_videos_2024/Group 1 Day 4/._N884A6_ch10_main_20240709150003_20240709153003.mp4,-1,-1,-1,-1,-1.0,4096,256,3,False
/lustre/isaac24/scratch/eopoku2/downey_cross_sucking_videos_2024/Group 1 Day 4/._N884A6_ch10_main_20240709153003_20240709160003.mp4,-1,-1,-1,-1,-1.0,4096,256,3,False
/lustre/isaac24/scratch/eopoku2/downey_cross_sucking_videos_2024/Group 1 Day 4/._N884A6_ch10_main_20240709160003_20240709163003.mp4,-1,-1,-1,-1,-1.0,4096,256,3,False
/lustre/isaac24/scratch/eopoku2/downey_cross_sucking_videos_2024/Group 1 Day 4/._N884A6_ch10_main_20240709163003_20240709170003.mp4,-1,-1,-1,-1,-1.0,4096,256,3,False
/lustre/isaac24/scratch/eopoku2/downey_cross_sucking_videos_2024/Group 1 Day 4/._N884A6_ch10_main_20240709170003_20240709173003.mp4,-1,-1,-1,-1,-1.0,4096,256,3,False
/lustre/isaac24/scratch/eopoku2/downey_cross_sucking_videos_2024/Group 1 Day 4/._N884A6_ch10_main_20240709173003_20240709180003.mp4,-1,-1,-1,-1,-1.0,4096,256,3,False
/lustre/isaac24/scratch/eopoku2/downey_cross_sucking_videos_2024/Group 1 Day 4/._N884A6_ch10_main_20240709180003_20240709183003.mp4,-1,-1,-1,-1,-1.0,4096,256,3,False
/lustre/isaac24/scratch/eopoku2/downey_cross_sucking_videos_2024/Group 1 Day 4/._N884A6_ch10_main_20240709183003_20240709190003.mp4,-1,-1,-1,-1,-1.0,4096,256,3,False
/lustre/isaac24/scratch/eopoku2/downey_cross_sucking_videos_2024/Group 1 Day 4/._N884A6_ch10_main_20240709190003_20240709193003.mp4,-1,-1,-1,-1,-1.0,4096,256,3,False
/lustre/isaac24/scratch/eopoku2/downey_cross_sucking_videos_2024/Group 1 Day 4/._N884A6_ch10_main_20240709193003_20240709200003.mp4,-1,-1,-1,-1,-1.0,4096,256,3,False
/lustre/isaac24/scratch/eopoku2/downey_cross_sucking_videos_2024/Group 1 Day 4/._N884A6_ch10_main_20240709200003_20240709203003.mp4,-1,-1,-1,-1,-1.0,4096,256,3,False
/lustre/isaac24/scratch/eopoku2/downey_cross_sucking_videos_2024/Group 1 Day 4/._N884A6_ch10_main_20240709203003_20240709210003.mp4,-1,-1,-1,-1,-1.0,4096,256,3,False
/lustre/isaac24/scratch/eopoku2/downey_cross_sucking_videos_2024/Group 1 Day 4/._N884A6_ch10_main_20240709210003_20240709213003.mp4,-1,-1,-1,-1,-1.0,4096,256,3,False
/lustre/isaac24/scratch/eopoku2/downey_cross_sucking_videos_2024/Group 1 Day 4/._N884A6_ch10_main_20240709213003_20240709220003.mp4,-1,-1,-1,-1,-1.0,4096,256,3,False
/lustre/isaac24/scratch/eopoku2/downey_cross_sucking_videos_2024/Group 1 Day 4/._N884A6_ch10_main_20240709220003_20240709223003.mp4,-1,-1,-1,-1,-1.0,4096,256,3,False
/lustre/isaac24/scratch/eopoku2/downey_cross_sucking_videos_2024/Group 1 Day 4/._N884A6_ch10_main_20240709223003_20240709230003.mp4,-1,-1,-1,-1,-1.0,4096,256,3,False
/lustre/isaac24/scratch/eopoku2/downey_cross_sucking_videos_2024/Group 1 Day 4/._N884A6_ch10_main_20240709230003_20240709233003.mp4,-1,-1,-1,-1,-1.0,4096,256,3,False
/lustre/isaac24/scratch/eopoku2/downey_cross_sucking_videos_2024/Group 1 Day 4/._N884A6_ch10_main_20240709233003_20240710000000.mp4,-1,-1,-1,-1,-1.0,4096,256,3,False
/lustre/isaac24/scratch/eopoku2/downey_cross_sucking_videos_2024/Group 1 Day 4/._N884A6_ch10_main_20240710000000_20240710003003.mp4,-1,-1,-1,-1,-1.0,4096,256,3,False
/lustre/isaac24/scratch/eopoku2/downey_cross_sucking_videos_2024/Group 1 Day 4/._N884A6_ch10_main_20240710003003_20240710010003.mp4,-1,-1,-1,-1,-1.0,4096,256,3,False
/lustre/isaac24/scratch/eopoku2/downey_cross_sucking_videos_2024/Group 1 Day 4/._N884A6_ch10_main_20240710010003_20240710013003.mp4,-1,-1,-1,-1,-1.0,4096,256,3,False
/lustre/isaac24/scratch/eopoku2/downey_cross_sucking_videos_2024/Group 1 Day 4/._N884A6_ch10_main_20240710013003_20240710020003.mp4,-1,-1,-1,-1,-1.0,4096,256,3,False
/lustre/isaac24/scratch/eopoku2/downey_cross_sucking_videos_2024/Group 1 Day 4/._N884A6_ch10_main_20240710020003_20240710023003.mp4,-1,-1,-1,-1,-1.0,4096,256,3,False
/lustre/isaac24/scratch/eopoku2/downey_cross_sucking_videos_2024/Group 1 Day 4/._N884A6_ch10_main_20240710023003_20240710030003.mp4,-1,-1,-1,-1,-1.0,4096,256,3,False
/lustre/isaac24/scratch/eopoku2/downey_cross_sucking_videos_2024/Group 1 Day 4/._N884A6_ch10_main_20240710030003_20240710033003.mp4,-1,-1,-1,-1,-1.0,4096,256,3,False
/lustre/isaac24/scratch/eopoku2/downey_cross_sucking_videos_2024/Group 1 Day 4/._N884A6_ch10_main_20240710033003_20240710040003.mp4,-1,-1,-1,-1,-1.0,4096,256,3,False
/lustre/isaac24/scratch/eopoku2/downey_cross_sucking_videos_2024/Group 1 Day 4/._N884A6_ch10_main_20240710040003_20240710043003.mp4,-1,-1,-1,-1,-1.0,4096,256,3,False
/lustre/isaac24/scratch/eopoku2/downey_cross_sucking_videos_2024/Group 1 Day 4/._N884A6_ch10_main_20240710043003_20240710050003.mp4,-1,-1,-1,-1,-1.0,4096,256,3,False
/lustre/isaac24/scratch/eopoku2/downey_cross_sucking_videos_2024/Group 1 Day 4/Cam 7/N884A6_ch7_main_20240709050000_20240709053000.mp4,-9223372036854775808,-9223372036854775808,-9223372036854775808,26991,14.993583939294622,950002450,256,3,True
/lustre/isaac24/scratch/eopoku2/downey_cross_sucking_videos_2024/Group 1 Day 4/Cam 7/N884A6_ch7_main_20240709053000_20240709060000.mp4,-9223372036854775808,-9223372036854775808,-9223372036854775808,26979,14.99033204427257,949979198,256,3,True
/lustre/isaac24/scratch/eopoku2/downey_cross_sucking_videos_2024/Group 1 Day 4/Cam 7/N884A6_ch7_main_20240709060000_20240709063000.mp4,-9223372036854775808,-9223372036854775808,-9223372036854775808,26995,14.990143543326765,949332229,256,3,True
/lustre/isaac24/scratch/eopoku2/downey_cross_sucking_videos_2024/Group 1 Day 4/Cam 7/N884A6_ch7_main_20240709063000_20240709070000.mp4,-9223372036854775808,-9223372036854775808,-9223372036854775808,26993,14.99386203180634,949302031,256,3,True
/lustre/isaac24/scratch/eopoku2/downey_cross_sucking_videos_2024/Group 1 Day 4/Cam 7/N884A6_ch7_main_20240709070000_20240709073000.mp4,-9223372036854775808,-9223372036854775808,-9223372036854775808,26994,14.993584652043747,949381338,256,3,True
/lustre/isaac24/scratch/eopoku2/downey_cross_sucking_videos_2024/Group 1 Day 4/Cam 7/N884A6_ch7_main_20240709073000_20240709080000.mp4,-9223372036854775808,-9223372036854775808,-9223372036854775808,26971,14.992967963933715,948176691,256,3,True
/lustre/isaac24/scratch/eopoku2/downey_cross_sucking_videos_2024/Group 1 Day 4/Cam 7/N884A6_ch7_main_20240709080000_20240709083000.mp4,-9223372036854775808,-9223372036854775808,-9223372036854775808,27000,14.992836755772242,949819023,256,3,True
/lustre/isaac24/scratch/eopoku2/downey_cross_sucking_videos_2024/Group 1 Day 4/Cam 7/N884A6_ch7_main_20240709083000_20240709090000.mp4,-9223372036854775808,-9223372036854775808,-9223372036854775808,26992,14.989975953395126,949578838,256,3,True
/lustre/isaac24/scratch/eopoku2/downey_cross_sucking_videos_2024/Group 1 Day 4/Cam 7/N884A6_ch7_main_20240709090000_20240709093000.mp4,-9223372036854775808,-9223372036854775808,-9223372036854775808,26980,14.990138067061144,948919654,256,3,True
/lustre/isaac24/scratch/eopoku2/downey_cross_sucking_videos_2024/Group 1 Day 4/Cam 7/N884A6_ch7_main_20240709093000_20240709100000.mp4,-9223372036854775808,-9223372036854775808,-9223372036854775808,26993,14.99386203180634,949052639,256,3,True
/lustre/isaac24/scratch/eopoku2/downey_cross_sucking_videos_2024/Group 1 Day 4/Cam 7/N884A6_ch7_main_20240709100000_20240709103000.mp4,-9223372036854775808,-9223372036854775808,-9223372036854775808,26994,14.99400106647707,949525480,256,3,True
/lustre/isaac24/scratch/eopoku2/downey_cross_sucking_videos_2024/Group 1 Day 4/Cam 7/N884A6_ch7_main_20240709103000_20240709110000.mp4,-9223372036854775808,-9223372036854775808,-9223372036854775808,26994,14.99400106647707,948993748,256,3,True
/lustre/isaac24/scratch/eopoku2/downey_cross_sucking_videos_2024/Group 1 Day 4/Cam 7/N884A6_ch7_main_20240709110000_20240709113000.mp4,-9223372036854775808,-9223372036854775808,-9223372036854775808,26979,14.994747753205536,948885475,256,3,True
/lustre/isaac24/scratch/eopoku2/downey_cross_sucking_videos_2024/Group 1 Day 4/Cam 7/N884A6_ch7_main_20240709113000_20240709120000.mp4,-9223372036854775808,-9223372036854775808,-9223372036854775808,26993,14.991030817334126,948475860,256,3,True
/lustre/isaac24/scratch/eopoku2/downey_cross_sucking_videos_2024/Group 1 Day 4/Cam 7/N884A6_ch7_main_20240709120000_20240709123000.mp4,-9223372036854775808,-9223372036854775808,-9223372036854775808,26994,14.990004442470012,948564773,256,3,True
/lustre/isaac24/scratch/eopoku2/downey_cross_sucking_videos_2024/Group 1 Day 4/Cam 7/N884A6_ch7_main_20240709123000_20240709130000.mp4,-9223372036854775808,-9223372036854775808,-9223372036854775808,26991,14.9927510873369,948334465,256,3,True
/lustre/isaac24/scratch/eopoku2/downey_cross_sucking_videos_2024/Group 1 Day 4/Cam 7/N884A6_ch7_main_20240709130000_20240709133000.mp4,-9223372036854775808,-9223372036854775808,-9223372036854775808,26970,14.993162184098464,947358748,256,3,True
/lustre/isaac24/scratch/eopoku2/downey_cross_sucking_videos_2024/Group 1 Day 4/Cam 7/N884A6_ch7_main_20240709133000_20240709140000.mp4,-9223372036854775808,-9223372036854775808,-9223372036854775808,27002,14.994863251423018,949342345,256,3,True
/lustre/isaac24/scratch/eopoku2/downey_cross_sucking_videos_2024/Group 1 Day 4/Cam 7/N884A6_ch7_main_20240709140000_20240709143000.mp4,-9223372036854775808,-9223372036854775808,-9223372036854775808,26991,14.993583939294622,948776334,256,3,True
/lustre/isaac24/scratch/eopoku2/downey_cross_sucking_videos_2024/Group 1 Day 4/Cam 7/N884A6_ch7_main_20240709143000_20240709150000.mp4,-9223372036854775808,-9223372036854775808,-9223372036854775808,26991,14.989920082638662,949452114,256,3,True
/lustre/isaac24/scratch/eopoku2/downey_cross_sucking_videos_2024/Group 1 Day 4/Cam 7/N884A6_ch7_main_20240709150000_20240709153000.mp4,-9223372036854775808,-9223372036854775808,-9223372036854775808,26992,14.990059200515368,948529181,256,3,True
/lustre/isaac24/scratch/eopoku2/downey_cross_sucking_videos_2024/Group 1 Day 4/Cam 7/N884A6_ch7_main_20240709153000_20240709160000.mp4,-9223372036854775808,-9223372036854775808,-9223372036854775808,26980,14.993720198730704,948350515,256,3,True
/lustre/isaac24/scratch/eopoku2/downey_cross_sucking_videos_2024/Group 1 Day 4/Cam 7/N884A6_ch7_main_20240709160000_20240709163000.mp4,-9223372036854775808,-9223372036854775808,-9223372036854775808,26993,14.99477824193405,948175977,256,3,True
/lustre/isaac24/scratch/eopoku2/downey_cross_sucking_videos_2024/Group 1 Day 4/Cam 7/N884A6_ch7_main_20240709163000_20240709170000.mp4,-9223372036854775808,-9223372036854775808,-9223372036854775808,26992,14.993722989412404,948325864,256,3,True
/lustre/isaac24/scratch/eopoku2/downey_cross_sucking_videos_2024/Group 1 Day 4/Cam 7/N884A6_ch7_main_20240709170000_20240709173000.mp4,-9223372036854775808,-9223372036854775808,-9223372036854775808,26993,14.99386203180634,948496234,256,3,True
/lustre/isaac24/scratch/eopoku2/downey_cross_sucking_videos_2024/Group 1 Day 4/Cam 7/N884A6_ch7_main_20240709173000_20240709180000.mp4,-9223372036854775808,-9223372036854775808,-9223372036854775808,26972,14.990857200024456,948252051,256,3,True
/lustre/isaac24/scratch/eopoku2/downey_cross_sucking_videos_2024/Group 1 Day 4/Cam 7/N884A6_ch7_main_20240709180000_20240709183000.mp4,-9223372036854775808,-9223372036854775808,-9223372036854775808,26999,14.9906166368694,949645161,256,3,True
/lustre/isaac24/scratch/eopoku2/downey_cross_sucking_videos_2024/Group 1 Day 4/Cam 7/N884A6_ch7_main_20240709183000_20240709190000.mp4,-9223372036854775808,-9223372036854775808,-9223372036854775808,26992,14.99330655957162,949209914,256,3,True
/lustre/isaac24/scratch/eopoku2/downey_cross_sucking_videos_2024/Group 1 Day 4/Cam 7/N884A6_ch7_main_20240709190000_20240709193000.mp4,-9223372036854775808,-9223372036854775808,-9223372036854775808,26993,14.993029210662252,948786620,256,3,True
/lustre/isaac24/scratch/eopoku2/downey_cross_sucking_videos_2024/Group 1 Day 4/Cam 7/N884A6_ch7_main_20240709193000_20240709200000.mp4,-9223372036854775808,-9223372036854775808,-9223372036854775808,26992,14.994555918494322,949020925,256,3,True
/lustre/isaac24/scratch/eopoku2/downey_cross_sucking_videos_2024/Group 1 Day 4/Cam 7/N884A6_ch7_main_20240709200000_20240709203000.mp4,-9223372036854775808,-9223372036854775808,-9223372036854775808,26978,14.993441966965298,948620222,256,3,True
/lustre/isaac24/scratch/eopoku2/downey_cross_sucking_videos_2024/Group 1 Day 4/Cam 7/N884A6_ch7_main_20240709203000_20240709210000.mp4,-9223372036854775808,-9223372036854775808,-9223372036854775808,26992,14.99072521076542,948238499,256,3,True
/lustre/isaac24/scratch/eopoku2/downey_cross_sucking_videos_2024/Group 1 Day 4/Cam 7/N884A6_ch7_main_20240709210000_20240709213000.mp4,-9223372036854775808,-9223372036854775808,-9223372036854775808,26994,14.99033741309225,949117748,256,3,True
/lustre/isaac24/scratch/eopoku2/downey_cross_sucking_videos_2024/Group 1 Day 4/Cam 7/N884A6_ch7_main_20240709213000_20240709220000.mp4,-9223372036854775808,-9223372036854775808,-9223372036854775808,26991,14.993167501749786,949479959,256,3,True
/lustre/isaac24/scratch/eopoku2/downey_cross_sucking_videos_2024/Group 1 Day 4/Cam 7/N884A6_ch7_main_20240709220000_20240709223000.mp4,-9223372036854775808,-9223372036854775808,-9223372036854775808,26993,14.99386203180634,949238191,256,3,True
/lustre/isaac24/scratch/eopoku2/downey_cross_sucking_videos_2024/Group 1 Day 4/Cam 7/N884A6_ch7_main_20240709223000_20240709230000.mp4,-9223372036854775808,-9223372036854775808,-9223372036854775808,26979,14.993664414013873,949337520,256,3,True
/lustre/isaac24/scratch/eopoku2/downey_cross_sucking_videos_2024/Group 1 Day 4/Cam 7/N884A6_ch7_main_20240709230000_20240709233000.mp4,-9223372036854775808,-9223372036854775808,-9223372036854775808,26991,14.993583939294622,948995791,256,3,True
/lustre/isaac24/scratch/eopoku2/downey_cross_sucking_videos_2024/Group 1 Day 4/Cam 7/N884A6_ch7_main_20240709233000_20240710000000.mp4,-9223372036854775808,-9223372036854775808,-9223372036854775808,26992,14.98947649009013,949449014,256,3,True
/lustre/isaac24/scratch/eopoku2/downey_cross_sucking_videos_2024/Group 1 Day 4/Cam 7/N884A6_ch7_main_20240710000000_20240710003000.mp4,-9223372036854775808,-9223372036854775808,-9223372036854775808,26995,14.99139223635253,949478202,256,3,True
/lustre/isaac24/scratch/eopoku2/downey_cross_sucking_videos_2024/Group 1 Day 4/Cam 7/N884A6_ch7_main_20240710003000_20240710010000.mp4,-9223372036854775808,-9223372036854775808,-9223372036854775808,26976,14.993747047216742,949299139,256,3,True
/lustre/isaac24/scratch/eopoku2/downey_cross_sucking_videos_2024/Group 1 Day 4/Cam 7/N884A6_ch7_main_20240710010000_20240710013000.mp4,-9223372036854775808,-9223372036854775808,-9223372036854775808,26994,14.993584652043747,949378401,256,3,True
/lustre/isaac24/scratch/eopoku2/downey_cross_sucking_videos_2024/Group 1 Day 4/Cam 7/N884A6_ch7_main_20240710013000_20240710020000.mp4,-9223372036854775808,-9223372036854775808,-9223372036854775808,26994,14.994084352139351,949042637,256,3,True
/lustre/isaac24/scratch/eopoku2/downey_cross_sucking_videos_2024/Group 1 Day 4/Cam 7/N884A6_ch7_main_20240710020000_20240710023000.mp4,-9223372036854775808,-9223372036854775808,-9223372036854775808,26991,14.994083694885312,948289243,256,3,True
/lustre/isaac24/scratch/eopoku2/downey_cross_sucking_videos_2024/Group 1 Day 4/Cam 7/N884A6_ch7_main_20240710023000_20240710030000.mp4,-9223372036854775808,-9223372036854775808,-9223372036854775808,26980,14.991054263393602,948068265,256,3,True
/lustre/isaac24/scratch/eopoku2/downey_cross_sucking_videos_2024/Group 1 Day 4/Cam 7/N884A6_ch7_main_20240710030000_20240710033000.mp4,-9223372036854775808,-9223372036854775808,-9223372036854775808,26990,14.989198225065673,948380572,256,3,True
/lustre/isaac24/scratch/eopoku2/downey_cross_sucking_videos_2024/Group 1 Day 4/Cam 7/N884A6_ch7_main_20240710033000_20240710040000.mp4,-9223372036854775808,-9223372036854775808,-9223372036854775808,26992,14.993806278156438,948503402,256,3,True
/lustre/isaac24/scratch/eopoku2/downey_cross_sucking_videos_2024/Group 1 Day 4/Cam 7/N884A6_ch7_main_20240710040000_20240710043000.mp4,-9223372036854775808,-9223372036854775808,-9223372036854775808,26993,14.993528892246337,949417067,256,3,True
/lustre/isaac24/scratch/eopoku2/downey_cross_sucking_videos_2024/Group 1 Day 4/Cam 7/N884A6_ch7_main_20240710043000_20240710050000.mp4,-9223372036854775808,-9223372036854775808,-9223372036854775808,26994,14.993584652043747,948268246,256,3,True
/lustre/isaac24/scratch/eopoku2/downey_cross_sucking_videos_2024/Group 1 Day 4/Cam 10/N884A6_ch10_main_20240710043003_20240710050003.mp4,-9223372036854775808,-9223372036854775808,-9223372036854775808,26993,14.993445609669392,949280521,256,3,True
/lustre/isaac24/scratch/eopoku2/downey_cross_sucking_videos_2024/Group 1 Day 4/Cam 10/N884A6_ch10_main_20240709050003_20240709053003.mp4,-9223372036854775808,-9223372036854775808,-9223372036854775808,26990,14.9935281732783,949416931,256,3,True
/lustre/isaac24/scratch/eopoku2/downey_cross_sucking_videos_2024/Group 1 Day 4/Cam 10/N884A6_ch10_main_20240709053003_20240709060003.mp4,-9223372036854775808,-9223372036854775808,-9223372036854775808,26980,14.990721088132997,949422883,256,3,True
/lustre/isaac24/scratch/eopoku2/downey_cross_sucking_videos_2024/Group 1 Day 4/Cam 10/N884A6_ch10_main_20240709060003_20240709063003.mp4,-9223372036854775808,-9223372036854775808,-9223372036854775808,26992,14.99055870265467,949227659,256,3,True
/lustre/isaac24/scratch/eopoku2/downey_cross_sucking_videos_2024/Group 1 Day 4/Cam 10/N884A6_ch10_main_20240709063003_20240709070003.mp4,-9223372036854775808,-9223372036854775808,-9223372036854775808,26994,14.99316826073916,949467129,256,3,True
/lustre/isaac24/scratch/eopoku2/downey_cross_sucking_videos_2024/Group 1 Day 4/Cam 10/N884A6_ch10_main_20240709070003_20240709073003.mp4,-9223372036854775808,-9223372036854775808,-9223372036854775808,26992,14.992890152861714,949504945,256,3,True
/lustre/isaac24/scratch/eopoku2/downey_cross_sucking_videos_2024/Group 1 Day 4/Cam 10/N884A6_ch10_main_20240709073003_20240709080003.mp4,-9223372036854775808,-9223372036854775808,-9223372036854775808,26979,14.9931644641051,949197709,256,3,True
/lustre/isaac24/scratch/eopoku2/downey_cross_sucking_videos_2024/Group 1 Day 4/Cam 10/N884A6_ch10_main_20240709080003_20240709083003.mp4,-9223372036854775808,-9223372036854775808,-9223372036854775808,26995,14.992890942616578,949259569,256,3,True
/lustre/isaac24/scratch/eopoku2/downey_cross_sucking_videos_2024/Group 1 Day 4/Cam 10/N884A6_ch10_main_20240709083003_20240709090003.mp4,-9223372036854775808,-9223372036854775808,-9223372036854775808,26992,14.990641956247677,949393493,256,3,True
/lustre/isaac24/scratch/eopoku2/downey_cross_sucking_videos_2024/Group 1 Day 4/Cam 10/N884A6_ch10_main_20240709090003_20240709093003.mp4,-9223372036854775808,-9223372036854775808,-9223372036854775808,26980,14.990054782038603,949192501,256,3,True
/lustre/isaac24/scratch/eopoku2/downey_cross_sucking_videos_2024/Group 1 Day 4/Cam 10/N884A6_ch10_main_20240709093003_20240709100003.mp4,-9223372036854775808,-9223372036854775808,-9223372036854775808,26993,14.994861539316169,949252021,256,3,True
/lustre/isaac24/scratch/eopoku2/downey_cross_sucking_videos_2024/Group 1 Day 4/Cam 10/N884A6_ch10_main_20240709100003_20240709103003.mp4,-9223372036854775808,-9223372036854775808,-9223372036854775808,26993,14.993945319009477,949148704,256,3,True
/lustre/isaac24/scratch/eopoku2/downey_cross_sucking_videos_2024/Group 1 Day 4/Cam 10/N884A6_ch10_main_20240709103003_20240709110003.mp4,-9223372036854775808,-9223372036854775808,-9223372036854775808,26994,14.99366793308005,949179359,256,3,True
/lustre/isaac24/scratch/eopoku2/downey_cross_sucking_videos_2024/Group 1 Day 4/Cam 10/N884A6_ch10_main_20240709110003_20240709113003.mp4,-9223372036854775808,-9223372036854775808,-9223372036854775808,26978,14.993941953914389,948888551,256,3,True
/lustre/isaac24/scratch/eopoku2/downey_cross_sucking_videos_2024/Group 1 Day 4/Cam 10/N884A6_ch10_main_20240709113003_20240709120003.mp4,-9223372036854775808,-9223372036854775808,-9223372036854775808,26993,14.991197329764132,948978179,256,3,True
/lustre/isaac24/scratch/eopoku2/downey_cross_sucking_videos_2024/Group 1 Day 4/Cam 10/N884A6_ch10_main_20240709120003_20240709123003.mp4,-9223372036854775808,-9223372036854775808,-9223372036854775808,26995,14.991641999922251,949016195,256,3,True
/lustre/isaac24/scratch/eopoku2/downey_cross_sucking_videos_2024/Group 1 Day 4/Cam 10/N884A6_ch10_main_20240709123003_20240709130003.mp4,-9223372036854775808,-9223372036854775808,-9223372036854775808,26992,14.993806278156438,949030431,256,3,True
/lustre/isaac24/scratch/eopoku2/downey_cross_sucking_videos_2024/Group 1 Day 4/Cam 10/N884A6_ch10_main_20240709130003_20240709133003.mp4,-9223372036854775808,-9223372036854775808,-9223372036854775808,26979,14.993581086713682,948672381,256,3,True
/lustre/isaac24/scratch/eopoku2/downey_cross_sucking_videos_2024/Group 1 Day 4/Cam 10/N884A6_ch10_main_20240709133003_20240709140003.mp4,-9223372036854775808,-9223372036854775808,-9223372036854775808,26992,14.994306030053052,948899747,256,3,True
/lustre/isaac24/scratch/eopoku2/downey_cross_sucking_videos_2024/Group 1 Day 4/Cam 10/N884A6_ch10_main_20240709140003_20240709143003.mp4,-9223372036854775808,-9223372036854775808,-9223372036854775808,26992,14.993806278156438,948979990,256,3,True
/lustre/isaac24/scratch/eopoku2/downey_cross_sucking_videos_2024/Group 1 Day 4/Cam 10/N884A6_ch10_main_20240709143003_20240709150003.mp4,-9223372036854775808,-9223372036854775808,-9223372036854775808,26993,14.991197329764132,949565842,256,3,True
/lustre/isaac24/scratch/eopoku2/downey_cross_sucking_videos_2024/Group 1 Day 4/Cam 10/N884A6_ch10_main_20240709150003_20240709153003.mp4,-9223372036854775808,-9223372036854775808,-9223372036854775808,26993,14.99036480460268,948931303,256,3,True
/lustre/isaac24/scratch/eopoku2/downey_cross_sucking_videos_2024/Group 1 Day 4/Cam 10/N884A6_ch10_main_20240709153003_20240709160003.mp4,-9223372036854775808,-9223372036854775808,-9223372036854775808,26978,14.994025288314576,948808345,256,3,True
/lustre/isaac24/scratch/eopoku2/downey_cross_sucking_videos_2024/Group 1 Day 4/Cam 10/N884A6_ch10_main_20240709160003_20240709163003.mp4,-9223372036854775808,-9223372036854775808,-9223372036854775808,26994,14.99316826073916,948840569,256,3,True
/lustre/isaac24/scratch/eopoku2/downey_cross_sucking_videos_2024/Group 1 Day 4/Cam 10/N884A6_ch10_main_20240709163003_20240709170003.mp4,-9223372036854775808,-9223372036854775808,-9223372036854775808,26992,14.993806278156438,948943070,256,3,True
/lustre/isaac24/scratch/eopoku2/downey_cross_sucking_videos_2024/Group 1 Day 4/Cam 10/N884A6_ch10_main_20240709170003_20240709173003.mp4,-9223372036854775808,-9223372036854775808,-9223372036854775808,26995,14.994723101705272,948881788,256,3,True
/lustre/isaac24/scratch/eopoku2/downey_cross_sucking_videos_2024/Group 1 Day 4/Cam 10/N884A6_ch10_main_20240709173003_20240709180003.mp4,-9223372036854775808,-9223372036854775808,-9223372036854775808,26977,14.990720056902166,949097027,256,3,True
/lustre/isaac24/scratch/eopoku2/downey_cross_sucking_videos_2024/Group 1 Day 4/Cam 10/N884A6_ch10_main_20240709180003_20240709183003.mp4,-9223372036854775808,-9223372036854775808,-9223372036854775808,26993,14.989532371903442,949155134,256,3,True
/lustre/isaac24/scratch/eopoku2/downey_cross_sucking_videos_2024/Group 1 Day 4/Cam 10/N884A6_ch10_main_20240709183003_20240709190003.mp4,-9223372036854775808,-9223372036854775808,-9223372036854775808,26993,14.99386203180634,949367768,256,3,True
/lustre/isaac24/scratch/eopoku2/downey_cross_sucking_videos_2024/Group 1 Day 4/Cam 10/N884A6_ch10_main_20240709190003_20240709193003.mp4,-9223372036854775808,-9223372036854775808,-9223372036854775808,26991,14.993167501749786,949281742,256,3,True
/lustre/isaac24/scratch/eopoku2/downey_cross_sucking_videos_2024/Group 1 Day 4/Cam 10/N884A6_ch10_main_20240709193003_20240709200003.mp4,-9223372036854775808,-9223372036854775808,-9223372036854775808,26993,14.994694945477372,949179929,256,3,True
/lustre/isaac24/scratch/eopoku2/downey_cross_sucking_videos_2024/Group 1 Day 4/Cam 10/N884A6_ch10_main_20240709200003_20240709203003.mp4,-9223372036854775808,-9223372036854775808,-9223372036854775808,26980,14.993303583833017,948513540,256,3,True
/lustre/isaac24/scratch/eopoku2/downey_cross_sucking_videos_2024/Group 1 Day 4/Cam 10/N884A6_ch10_main_20240709203003_20240709210003.mp4,-9223372036854775808,-9223372036854775808,-9223372036854775808,26991,14.990336339805394,948893734,256,3,True
/lustre/isaac24/scratch/eopoku2/downey_cross_sucking_videos_2024/Group 1 Day 4/Cam 10/N884A6_ch10_main_20240709210003_20240709213003.mp4,-9223372036854775808,-9223372036854775808,-9223372036854775808,26994,14.98992120212571,949613185,256,3,True
/lustre/isaac24/scratch/eopoku2/downey_cross_sucking_videos_2024/Group 1 Day 4/Cam 10/N884A6_ch10_main_20240709213003_20240709220003.mp4,-9223372036854775808,-9223372036854775808,-9223372036854775808,26990,14.9935281732783,949458157,256,3,True
/lustre/isaac24/scratch/eopoku2/downey_cross_sucking_videos_2024/Group 1 Day 4/Cam 10/N884A6_ch10_main_20240709220003_20240709223003.mp4,-9223372036854775808,-9223372036854775808,-9223372036854775808,26993,14.993445609669392,949458352,256,3,True
/lustre/isaac24/scratch/eopoku2/downey_cross_sucking_videos_2024/Group 1 Day 4/Cam 10/N884A6_ch10_main_20240709223003_20240709230003.mp4,-9223372036854775808,-9223372036854775808,-9223372036854775808,26979,14.99449773795894,949313028,256,3,True
/lustre/isaac24/scratch/eopoku2/downey_cross_sucking_videos_2024/Group 1 Day 4/Cam 10/N884A6_ch10_main_20240709230003_20240709233003.mp4,-9223372036854775808,-9223372036854775808,-9223372036854775808,26991,14.993583939294622,949482401,256,3,True
/lustre/isaac24/scratch/eopoku2/downey_cross_sucking_videos_2024/Group 1 Day 4/Cam 10/N884A6_ch10_main_20240709233003_20240710000000.mp4,-9223372036854775808,-9223372036854775808,-9223372036854775808,26948,14.990181953707772,948167637,256,3,True
/lustre/isaac24/scratch/eopoku2/downey_cross_sucking_videos_2024/Group 1 Day 4/Cam 10/N884A6_ch10_main_20240710000000_20240710003003.mp4,-9223372036854775808,-9223372036854775808,-9223372036854775808,27039,14.990685915774067,951396456,256,3,True
/lustre/isaac24/scratch/eopoku2/downey_cross_sucking_videos_2024/Group 1 Day 4/Cam 10/N884A6_ch10_main_20240710003003_20240710010003.mp4,-9223372036854775808,-9223372036854775808,-9223372036854775808,26975,14.993524576040375,949120804,256,3,True
/lustre/isaac24/scratch/eopoku2/downey_cross_sucking_videos_2024/Group 1 Day 4/Cam 10/N884A6_ch10_main_20240710010003_20240710013003.mp4,-9223372036854775808,-9223372036854775808,-9223372036854775808,26994,14.99366793308005,949579841,256,3,True
/lustre/isaac24/scratch/eopoku2/downey_cross_sucking_videos_2024/Group 1 Day 4/Cam 10/N884A6_ch10_main_20240710013003_20240710020003.mp4,-9223372036854775808,-9223372036854775808,-9223372036854775808,26994,14.99283516434689,949492260,256,3,True
/lustre/isaac24/scratch/eopoku2/downey_cross_sucking_videos_2024/Group 1 Day 4/Cam 10/N884A6_ch10_main_20240710020003_20240710023003.mp4,-9223372036854775808,-9223372036854775808,-9223372036854775808,26990,14.9935281732783,948759389,256,3,True
/lustre/isaac24/scratch/eopoku2/downey_cross_sucking_videos_2024/Group 1 Day 4/Cam 10/N884A6_ch10_main_20240710023003_20240710030003.mp4,-9223372036854775808,-9223372036854775808,-9223372036854775808,26979,14.990165464667903,948795739,256,3,True
/lustre/isaac24/scratch/eopoku2/downey_cross_sucking_videos_2024/Group 1 Day 4/Cam 10/N884A6_ch10_main_20240710030003_20240710033003.mp4,-9223372036854775808,-9223372036854775808,-9223372036854775808,26990,14.990780031547844,949343377,256,3,True
/lustre/isaac24/scratch/eopoku2/downey_cross_sucking_videos_2024/Group 1 Day 4/Cam 10/N884A6_ch10_main_20240710033003_20240710040003.mp4,-9223372036854775808,-9223372036854775808,-9223372036854775808,26995,14.993723686695327,949437562,256,3,True
/lustre/isaac24/scratch/eopoku2/downey_cross_sucking_videos_2024/Group 1 Day 4/Cam 10/N884A6_ch10_main_20240710040003_20240710043003.mp4,-9223372036854775808,-9223372036854775808,-9223372036854775808,26990,14.993444881452348,949047344,256,3,True
/lustre/isaac24/scratch/eopoku2/downey_cross_sucking_videos_2024/Group 1 Day 4/Cam 10/._N884A6_ch10_main_20240709073003_20240709080003.mp4,-1,-1,-1,-1,-1.0,4096,256,3,False
/lustre/isaac24/scratch/eopoku2/downey_cross_sucking_videos_2024/Group 1 Day 4/Cam 9/N884A6_ch9_main_20240709053002_20240709060002.mp4,-9223372036854775808,-9223372036854775808,-9223372036854775808,26978,14.990942532312378,949970428,256,3,True
/lustre/isaac24/scratch/eopoku2/downey_cross_sucking_videos_2024/Group 1 Day 4/Cam 9/N884A6_ch9_main_20240709060002_20240709063002.mp4,-9223372036854775808,-9223372036854775808,-9223372036854775808,26996,14.990698836660464,949214175,256,3,True
/lustre/isaac24/scratch/eopoku2/downey_cross_sucking_videos_2024/Group 1 Day 4/Cam 9/N884A6_ch9_main_20240709063002_20240709070002.mp4,-9223372036854775808,-9223372036854775808,-9223372036854775808,26992,14.99347312873212,949306179,256,3,True
/lustre/isaac24/scratch/eopoku2/downey_cross_sucking_videos_2024/Group 1 Day 4/Cam 9/N884A6_ch9_main_20240709070002_20240709073002.mp4,-9223372036854775808,-9223372036854775808,-9223372036854775808,26995,14.993723686695327,949466655,256,3,True
/lustre/isaac24/scratch/eopoku2/downey_cross_sucking_videos_2024/Group 1 Day 4/Cam 9/N884A6_ch9_main_20240709073002_20240709080002.mp4,-9223372036854775808,-9223372036854775808,-9223372036854775808,26977,14.993719500672514,949198633,256,3,True
/lustre/isaac24/scratch/eopoku2/downey_cross_sucking_videos_2024/Group 1 Day 4/Cam 9/N884A6_ch9_main_20240709080002_20240709083002.mp4,-9223372036854775808,-9223372036854775808,-9223372036854775808,26993,14.99386203180634,949004165,256,3,True
/lustre/isaac24/scratch/eopoku2/downey_cross_sucking_videos_2024/Group 1 Day 4/Cam 9/N884A6_ch9_main_20240709083002_20240709090002.mp4,-9223372036854775808,-9223372036854775808,-9223372036854775808,26994,14.990670398507264,949401379,256,3,True
/lustre/isaac24/scratch/eopoku2/downey_cross_sucking_videos_2024/Group 1 Day 4/Cam 9/N884A6_ch9_main_20240709090002_20240709093002.mp4,-9223372036854775808,-9223372036854775808,-9223372036854775808,26977,14.989887091038408,949172942,256,3,True
/lustre/isaac24/scratch/eopoku2/downey_cross_sucking_videos_2024/Group 1 Day 4/Cam 9/N884A6_ch9_main_20240709093002_20240709100002.mp4,-9223372036854775808,-9223372036854775808,-9223372036854775808,26993,14.993029210662252,949128145,256,3,True
/lustre/isaac24/scratch/eopoku2/downey_cross_sucking_videos_2024/Group 1 Day 4/Cam 9/N884A6_ch9_main_20240709100002_20240709103002.mp4,-9223372036854775808,-9223372036854775808,-9223372036854775808,26995,14.993723686695327,949466941,256,3,True
/lustre/isaac24/scratch/eopoku2/downey_cross_sucking_videos_2024/Group 1 Day 4/Cam 9/N884A6_ch9_main_20240709103002_20240709110002.mp4,-9223372036854775808,-9223372036854775808,-9223372036854775808,26991,14.993167501749786,949100690,256,3,True
/lustre/isaac24/scratch/eopoku2/downey_cross_sucking_videos_2024/Group 1 Day 4/Cam 9/N884A6_ch9_main_20240709110002_20240709113002.mp4,-9223372036854775808,-9223372036854775808,-9223372036854775808,26981,14.993859303017,949134745,256,3,True
/lustre/isaac24/scratch/eopoku2/downey_cross_sucking_videos_2024/Group 1 Day 4/Cam 9/N884A6_ch9_main_20240709113002_20240709120002.mp4,-9223372036854775808,-9223372036854775808,-9223372036854775808,26990,14.990446991913268,948701915,256,3,True
/lustre/isaac24/scratch/eopoku2/downey_cross_sucking_videos_2024/Group 1 Day 4/Cam 9/N884A6_ch9_main_20240709120002_20240709123002.mp4,-9223372036854775808,-9223372036854775808,-9223372036854775808,26995,14.990310023711288,948870984,256,3,True
/lustre/isaac24/scratch/eopoku2/downey_cross_sucking_videos_2024/Group 1 Day 4/Cam 9/N884A6_ch9_main_20240709123002_20240709130002.mp4,-9223372036854775808,-9223372036854775808,-9223372036854775808,26991,14.993583939294622,948708148,256,3,True
/lustre/isaac24/scratch/eopoku2/downey_cross_sucking_videos_2024/Group 1 Day 4/Cam 9/N884A6_ch9_main_20240709130002_20240709133002.mp4,-9223372036854775808,-9223372036854775808,-9223372036854775808,26979,14.993497760339672,948601032,256,3,True
/lustre/isaac24/scratch/eopoku2/downey_cross_sucking_videos_2024/Group 1 Day 4/Cam 9/N884A6_ch9_main_20240709133002_20240709140002.mp4,-9223372036854775808,-9223372036854775808,-9223372036854775808,26991,14.994000399973334,948703278,256,3,True
/lustre/isaac24/scratch/eopoku2/downey_cross_sucking_videos_2024/Group 1 Day 4/Cam 9/N884A6_ch9_main_20240709140002_20240709143002.mp4,-9223372036854775808,-9223372036854775808,-9223372036854775808,26993,14.993445609669392,948961698,256,3,True
/lustre/isaac24/scratch/eopoku2/downey_cross_sucking_videos_2024/Group 1 Day 4/Cam 9/N884A6_ch9_main_20240709143002_20240709150002.mp4,-9223372036854775808,-9223372036854775808,-9223372036854775808,26995,14.99080948705276,949609063,256,3,True
/lustre/isaac24/scratch/eopoku2/downey_cross_sucking_videos_2024/Group 1 Day 4/Cam 9/N884A6_ch9_main_20240709150002_20240709153002.mp4,-9223372036854775808,-9223372036854775808,-9223372036854775808,26993,14.989782092005598,948844887,256,3,True
/lustre/isaac24/scratch/eopoku2/downey_cross_sucking_videos_2024/Group 1 Day 4/Cam 9/N884A6_ch9_main_20240709153002_20240709160002.mp4,-9223372036854775808,-9223372036854775808,-9223372036854775808,26970,14.993578945612835,947692412,256,3,True
/lustre/isaac24/scratch/eopoku2/downey_cross_sucking_videos_2024/Group 1 Day 4/Cam 9/N884A6_ch9_main_20240709160002_20240709163002.mp4,-9223372036854775808,-9223372036854775808,-9223372036854775808,26998,14.99372438382335,949385428,256,3,True
/lustre/isaac24/scratch/eopoku2/downey_cross_sucking_videos_2024/Group 1 Day 4/Cam 9/N884A6_ch9_main_20240709163002_20240709170002.mp4,-9223372036854775808,-9223372036854775808,-9223372036854775808,26991,14.9927510873369,948497059,256,3,True
/lustre/isaac24/scratch/eopoku2/downey_cross_sucking_videos_2024/Group 1 Day 4/Cam 9/N884A6_ch9_main_20240709170002_20240709173002.mp4,-9223372036854775808,-9223372036854775808,-9223372036854775808,26993,14.993528892246337,948716358,256,3,True
/lustre/isaac24/scratch/eopoku2/downey_cross_sucking_videos_2024/Group 1 Day 4/Cam 9/N884A6_ch9_main_20240709173002_20240709180002.mp4,-9223372036854775808,-9223372036854775808,-9223372036854775808,26973,14.989663450851376,948623580,256,3,True
/lustre/isaac24/scratch/eopoku2/downey_cross_sucking_videos_2024/Group 1 Day 4/Cam 9/N884A6_ch9_main_20240709180002_20240709183002.mp4,-9223372036854775808,-9223372036854775808,-9223372036854775808,26996,14.990782079474023,950009844,256,3,True
/lustre/isaac24/scratch/eopoku2/downey_cross_sucking_videos_2024/Group 1 Day 4/Cam 9/N884A6_ch9_main_20240709183002_20240709190002.mp4,-9223372036854775808,-9223372036854775808,-9223372036854775808,26994,14.99400106647707,949527618,256,3,True
/lustre/isaac24/scratch/eopoku2/downey_cross_sucking_videos_2024/Group 1 Day 4/Cam 9/N884A6_ch9_main_20240709190002_20240709193002.mp4,-9223372036854775808,-9223372036854775808,-9223372036854775808,26993,14.99386203180634,949300614,256,3,True
/lustre/isaac24/scratch/eopoku2/downey_cross_sucking_videos_2024/Group 1 Day 4/Cam 9/N884A6_ch9_main_20240709193002_20240709200002.mp4,-9223372036854775808,-9223372036854775808,-9223372036854775808,26993,14.99386203180634,949444157,256,3,True
/lustre/isaac24/scratch/eopoku2/downey_cross_sucking_videos_2024/Group 1 Day 4/Cam 9/N884A6_ch9_main_20240709200002_20240709203002.mp4,-9223372036854775808,-9223372036854775808,-9223372036854775808,26976,14.993580373172074,949047449,256,3,True
/lustre/isaac24/scratch/eopoku2/downey_cross_sucking_videos_2024/Group 1 Day 4/Cam 9/N884A6_ch9_main_20240709203002_20240709210002.mp4,-9223372036854775808,-9223372036854775808,-9223372036854775808,26993,14.989365896457706,948812266,256,3,True
/lustre/isaac24/scratch/eopoku2/downey_cross_sucking_videos_2024/Group 1 Day 4/Cam 9/N884A6_ch9_main_20240709210002_20240709213002.mp4,-9223372036854775808,-9223372036854775808,-9223372036854775808,26992,14.989809461928482,949624398,256,3,True
/lustre/isaac24/scratch/eopoku2/downey_cross_sucking_videos_2024/Group 1 Day 4/Cam 9/N884A6_ch9_main_20240709213002_20240709220002.mp4,-9223372036854775808,-9223372036854775808,-9223372036854775808,26994,14.993584652043747,949494260,256,3,True
/lustre/isaac24/scratch/eopoku2/downey_cross_sucking_videos_2024/Group 1 Day 4/Cam 9/N884A6_ch9_main_20240709220002_20240709223002.mp4,-9223372036854775808,-9223372036854775808,-9223372036854775808,26990,14.993028436203248,949344630,256,3,True
/lustre/isaac24/scratch/eopoku2/downey_cross_sucking_videos_2024/Group 1 Day 4/Cam 9/N884A6_ch9_main_20240709223002_20240709230002.mp4,-9223372036854775808,-9223372036854775808,-9223372036854775808,26978,14.993858620440513,949436345,256,3,True
/lustre/isaac24/scratch/eopoku2/downey_cross_sucking_videos_2024/Group 1 Day 4/Cam 9/N884A6_ch9_main_20240709230002_20240709233002.mp4,-9223372036854775808,-9223372036854775808,-9223372036854775808,26994,14.993584652043747,949475143,256,3,True
/lustre/isaac24/scratch/eopoku2/downey_cross_sucking_videos_2024/Group 1 Day 4/Cam 9/N884A6_ch9_main_20240709233002_20240710000000.mp4,-9223372036854775808,-9223372036854775808,-9223372036854775808,26962,14.990798245272634,948526301,256,3,True
/lustre/isaac24/scratch/eopoku2/downey_cross_sucking_videos_2024/Group 1 Day 4/Cam 9/N884A6_ch9_main_20240710000000_20240710003002.mp4,-9223372036854775808,-9223372036854775808,-9223372036854775808,27023,14.990624965329014,950540198,256,3,True
/lustre/isaac24/scratch/eopoku2/downey_cross_sucking_videos_2024/Group 1 Day 4/Cam 9/N884A6_ch9_main_20240710003002_20240710010002.mp4,-9223372036854775808,-9223372036854775808,-9223372036854775808,26978,14.993108660857194,949319035,256,3,True
/lustre/isaac24/scratch/eopoku2/downey_cross_sucking_videos_2024/Group 1 Day 4/Cam 9/N884A6_ch9_main_20240710010002_20240710013002.mp4,-9223372036854775808,-9223372036854775808,-9223372036854775808,26991,14.993583939294622,949441303,256,3,True
/lustre/isaac24/scratch/eopoku2/downey_cross_sucking_videos_2024/Group 1 Day 4/Cam 9/N884A6_ch9_main_20240710013002_20240710020002.mp4,-9223372036854775808,-9223372036854775808,-9223372036854775808,26994,14.99316826073916,949480169,256,3,True
/lustre/isaac24/scratch/eopoku2/downey_cross_sucking_videos_2024/Group 1 Day 4/Cam 9/N884A6_ch9_main_20240710020002_20240710023002.mp4,-9223372036854775808,-9223372036854775808,-9223372036854775808,26993,14.993445609669392,949101254,256,3,True
/lustre/isaac24/scratch/eopoku2/downey_cross_sucking_videos_2024/Group 1 Day 4/Cam 9/N884A6_ch9_main_20240710023002_20240710030002.mp4,-9223372036854775808,-9223372036854775808,-9223372036854775808,26978,14.991442352575074,948735588,256,3,True
/lustre/isaac24/scratch/eopoku2/downey_cross_sucking_videos_2024/Group 1 Day 4/Cam 9/N884A6_ch9_main_20240710030002_20240710033002.mp4,-9223372036854775808,-9223372036854775808,-9223372036854775808,26992,14.989726217582051,949131108,256,3,True
/lustre/isaac24/scratch/eopoku2/downey_cross_sucking_videos_2024/Group 1 Day 4/Cam 9/N884A6_ch9_main_20240710033002_20240710040002.mp4,-9223372036854775808,-9223372036854775808,-9223372036854775808,26992,14.993389843689243,949240462,256,3,True
/lustre/isaac24/scratch/eopoku2/downey_cross_sucking_videos_2024/Group 1 Day 4/Cam 9/N884A6_ch9_main_20240710040002_20240710043002.mp4,-9223372036854775808,-9223372036854775808,-9223372036854775808,26993,14.99386203180634,948561802,256,3,True
/lustre/isaac24/scratch/eopoku2/downey_cross_sucking_videos_2024/Group 1 Day 4/Cam 9/N884A6_ch9_main_20240710043002_20240710050002.mp4,-9223372036854775808,-9223372036854775808,-9223372036854775808,26990,14.993861349836395,948671129,256,3,True
/lustre/isaac24/scratch/eopoku2/downey_cross_sucking_videos_2024/Group 1 Day 4/Cam 9/N884A6_ch9_main_20240709050002_20240709053002.mp4,-9223372036854775808,-9223372036854775808,-9223372036854775808,26991,14.993583939294622,949344823,256,3,True
/lustre/isaac24/scratch/eopoku2/downey_cross_sucking_videos_2024/Group 1 Day 4/Cam 9/._N884A6_ch9_main_20240709073002_20240709080002.mp4,-1,-1,-1,-1,-1.0,4096,256,3,False
/lustre/isaac24/scratch/eopoku2/downey_cross_sucking_videos_2024/Group 1 Day 4/Cam 9/._N884A6_ch9_main_20240709110002_20240709113002.mp4,-1,-1,-1,-1,-1.0,4096,256,3,False
/lustre/isaac24/scratch/eopoku2/downey_cross_sucking_videos_2024/Group 1 Day 4/Cam 9/._N884A6_ch9_main_20240709113002_20240709120002.mp4,-1,-1,-1,-1,-1.0,4096,256,3,False
/lustre/isaac24/scratch/eopoku2/downey_cross_sucking_videos_2024/Group 1 Day 4/Cam 9/._N884A6_ch9_main_20240709233002_20240710000000.mp4,-1,-1,-1,-1,-1.0,4096,256,3,False
/lustre/isaac24/scratch/eopoku2/downey_cross_sucking_videos_2024/Group 1 Day 4/Cam 9/._N884A6_ch9_main_20240709170002_20240709173002.mp4,-1,-1,-1,-1,-1.0,4096,256,3,False
/lustre/isaac24/scratch/eopoku2/downey_cross_sucking_videos_2024/Group 1 Day 4/Cam 8/N884A6_ch8_main_20240709050001_20240709053001.mp4,-9223372036854775808,-9223372036854775808,-9223372036854775808,26995,14.993806966191034,949399907,256,3,True
/lustre/isaac24/scratch/eopoku2/downey_cross_sucking_videos_2024/Group 1 Day 4/Cam 8/N884A6_ch8_main_20240709053001_20240709060001.mp4,-9223372036854775808,-9223372036854775808,-9223372036854775808,26978,14.990026281720036,949225834,256,3,True
/lustre/isaac24/scratch/eopoku2/downey_cross_sucking_videos_2024/Group 1 Day 4/Cam 8/N884A6_ch8_main_20240709060001_20240709063001.mp4,-9223372036854775808,-9223372036854775808,-9223372036854775808,26987,14.98969656237329,949847860,256,3,True
/lustre/isaac24/scratch/eopoku2/downey_cross_sucking_videos_2024/Group 1 Day 4/Cam 8/N884A6_ch8_main_20240709063001_20240709070001.mp4,-9223372036854775808,-9223372036854775808,-9223372036854775808,27000,14.99333629498001,949999689,256,3,True
/lustre/isaac24/scratch/eopoku2/downey_cross_sucking_videos_2024/Group 1 Day 4/Cam 8/N884A6_ch8_main_20240709070001_20240709073001.mp4,-9223372036854775808,-9223372036854775808,-9223372036854775808,26991,14.994083694885312,949370008,256,3,True
/lustre/isaac24/scratch/eopoku2/downey_cross_sucking_videos_2024/Group 1 Day 4/Cam 8/N884A6_ch8_main_20240709073001_20240709080001.mp4,-9223372036854775808,-9223372036854775808,-9223372036854775808,26980,14.993303583833017,949231459,256,3,True
/lustre/isaac24/scratch/eopoku2/downey_cross_sucking_videos_2024/Group 1 Day 4/Cam 8/N884A6_ch8_main_20240709080001_20240709083001.mp4,-9223372036854775808,-9223372036854775808,-9223372036854775808,26995,14.993806966191034,948958139,256,3,True
/lustre/isaac24/scratch/eopoku2/downey_cross_sucking_videos_2024/Group 1 Day 4/Cam 8/N884A6_ch8_main_20240709083001_20240709090001.mp4,-9223372036854775808,-9223372036854775808,-9223372036854775808,26992,14.9908917225752,949504482,256,3,True
/lustre/isaac24/scratch/eopoku2/downey_cross_sucking_videos_2024/Group 1 Day 4/Cam 8/N884A6_ch8_main_20240709090001_20240709093001.mp4,-9223372036854775808,-9223372036854775808,-9223372036854775808,26979,14.98874968749132,948986038,256,3,True
/lustre/isaac24/scratch/eopoku2/downey_cross_sucking_videos_2024/Group 1 Day 4/Cam 8/N884A6_ch8_main_20240709093001_20240709100001.mp4,-9223372036854775808,-9223372036854775808,-9223372036854775808,26993,14.99386203180634,949143145,256,3,True
/lustre/isaac24/scratch/eopoku2/downey_cross_sucking_videos_2024/Group 1 Day 4/Cam 8/N884A6_ch8_main_20240709100001_20240709103001.mp4,-9223372036854775808,-9223372036854775808,-9223372036854775808,26993,14.993528892246337,949520487,256,3,True
/lustre/isaac24/scratch/eopoku2/downey_cross_sucking_videos_2024/Group 1 Day 4/Cam 8/N884A6_ch8_main_20240709103001_20240709110001.mp4,-9223372036854775808,-9223372036854775808,-9223372036854775808,26993,14.994445061659816,948882795,256,3,True
/lustre/isaac24/scratch/eopoku2/downey_cross_sucking_videos_2024/Group 1 Day 4/Cam 8/N884A6_ch8_main_20240709110001_20240709113001.mp4,-9223372036854775808,-9223372036854775808,-9223372036854775808,26977,14.993719500672514,948949899,256,3,True
/lustre/isaac24/scratch/eopoku2/downey_cross_sucking_videos_2024/Group 1 Day 4/Cam 8/N884A6_ch8_main_20240709113001_20240709120001.mp4,-9223372036854775808,-9223372036854775808,-9223372036854775808,26995,14.990226783056796,948715306,256,3,True
/lustre/isaac24/scratch/eopoku2/downey_cross_sucking_videos_2024/Group 1 Day 4/Cam 8/N884A6_ch8_main_20240709120001_20240709123001.mp4,-9223372036854775808,-9223372036854775808,-9223372036854775808,26990,14.990613509880808,948584405,256,3,True
/lustre/isaac24/scratch/eopoku2/downey_cross_sucking_videos_2024/Group 1 Day 4/Cam 8/N884A6_ch8_main_20240709123001_20240709130001.mp4,-9223372036854775808,-9223372036854775808,-9223372036854775808,26995,14.993806966191034,948645382,256,3,True
/lustre/isaac24/scratch/eopoku2/downey_cross_sucking_videos_2024/Group 1 Day 4/Cam 8/N884A6_ch8_main_20240709130001_20240709133001.mp4,-9223372036854775808,-9223372036854775808,-9223372036854775808,26976,14.992747058529291,948367798,256,3,True
/lustre/isaac24/scratch/eopoku2/downey_cross_sucking_videos_2024/Group 1 Day 4/Cam 8/N884A6_ch8_main_20240709133001_20240709140001.mp4,-9223372036854775808,-9223372036854775808,-9223372036854775808,26995,14.993723686695327,948631702,256,3,True
/lustre/isaac24/scratch/eopoku2/downey_cross_sucking_videos_2024/Group 1 Day 4/Cam 8/N884A6_ch8_main_20240709140001_20240709143001.mp4,-9223372036854775808,-9223372036854775808,-9223372036854775808,26993,14.994861539316169,948899087,256,3,True
/lustre/isaac24/scratch/eopoku2/downey_cross_sucking_videos_2024/Group 1 Day 4/Cam 8/N884A6_ch8_main_20240709143001_20240709150001.mp4,-9223372036854775808,-9223372036854775808,-9223372036854775808,26991,14.991168923497328,948691784,256,3,True
/lustre/isaac24/scratch/eopoku2/downey_cross_sucking_videos_2024/Group 1 Day 4/Cam 8/N884A6_ch8_main_20240709150001_20240709153001.mp4,-9223372036854775808,-9223372036854775808,-9223372036854775808,26993,14.990697803570932,948868150,256,3,True
/lustre/isaac24/scratch/eopoku2/downey_cross_sucking_videos_2024/Group 1 Day 4/Cam 8/N884A6_ch8_main_20240709153001_20240709160001.mp4,-9223372036854775808,-9223372036854775808,-9223372036854775808,26978,14.993025336645603,948522630,256,3,True
/lustre/isaac24/scratch/eopoku2/downey_cross_sucking_videos_2024/Group 1 Day 4/Cam 8/N884A6_ch8_main_20240709160001_20240709163001.mp4,-9223372036854775808,-9223372036854775808,-9223372036854775808,26990,14.993444881452348,948254861,256,3,True
/lustre/isaac24/scratch/eopoku2/downey_cross_sucking_videos_2024/Group 1 Day 4/Cam 8/N884A6_ch8_main_20240709163001_20240709170001.mp4,-9223372036854775808,-9223372036854775808,-9223372036854775808,26996,14.994945399202372,948395361,256,3,True
/lustre/isaac24/scratch/eopoku2/downey_cross_sucking_videos_2024/Group 1 Day 4/Cam 8/N884A6_ch8_main_20240709170001_20240709173001.mp4,-9223372036854775808,-9223372036854775808,-9223372036854775808,26989,14.992972651671288,948553746,256,3,True
/lustre/isaac24/scratch/eopoku2/downey_cross_sucking_videos_2024/Group 1 Day 4/Cam 8/N884A6_ch8_main_20240709173001_20240709180001.mp4,-9223372036854775808,-9223372036854775808,-9223372036854775808,26980,14.99055450605623,948626443,256,3,True
/lustre/isaac24/scratch/eopoku2/downey_cross_sucking_videos_2024/Group 1 Day 4/Cam 8/N884A6_ch8_main_20240709180001_20240709183001.mp4,-9223372036854775808,-9223372036854775808,-9223372036854775808,26994,14.990087683738803,948882383,256,3,True
/lustre/isaac24/scratch/eopoku2/downey_cross_sucking_videos_2024/Group 1 Day 4/Cam 8/N884A6_ch8_main_20240709183001_20240709190001.mp4,-9223372036854775808,-9223372036854775808,-9223372036854775808,26990,14.9935281732783,949354333,256,3,True
/lustre/isaac24/scratch/eopoku2/downey_cross_sucking_videos_2024/Group 1 Day 4/Cam 8/N884A6_ch8_main_20240709190001_20240709193001.mp4,-9223372036854775808,-9223372036854775808,-9223372036854775808,26992,14.992557044146729,948846498,256,3,True
/lustre/isaac24/scratch/eopoku2/downey_cross_sucking_videos_2024/Group 1 Day 4/Cam 8/N884A6_ch8_main_20240709193001_20240709200001.mp4,-9223372036854775808,-9223372036854775808,-9223372036854775808,26992,14.993722989412404,949175708,256,3,True
/lustre/isaac24/scratch/eopoku2/downey_cross_sucking_videos_2024/Group 1 Day 4/Cam 8/N884A6_ch8_main_20240709200001_20240709203001.mp4,-9223372036854775808,-9223372036854775808,-9223372036854775808,26978,14.993858620440513,948577625,256,3,True
/lustre/isaac24/scratch/eopoku2/downey_cross_sucking_videos_2024/Group 1 Day 4/Cam 8/N884A6_ch8_main_20240709203001_20240709210001.mp4,-9223372036854775808,-9223372036854775808,-9223372036854775808,26994,14.990503903950598,948319504,256,3,True
/lustre/isaac24/scratch/eopoku2/downey_cross_sucking_videos_2024/Group 1 Day 4/Cam 8/N884A6_ch8_main_20240709210001_20240709213001.mp4,-9223372036854775808,-9223372036854775808,-9223372036854775808,26990,14.990696770251882,949359095,256,3,True
/lustre/isaac24/scratch/eopoku2/downey_cross_sucking_videos_2024/Group 1 Day 4/Cam 8/N884A6_ch8_main_20240709213001_20240709220001.mp4,-9223372036854775808,-9223372036854775808,-9223372036854775808,26995,14.993806966191034,949483887,256,3,True
/lustre/isaac24/scratch/eopoku2/downey_cross_sucking_videos_2024/Group 1 Day 4/Cam 8/N884A6_ch8_main_20240709220001_20240709223001.mp4,-9223372036854775808,-9223372036854775808,-9223372036854775808,26993,14.993445609669392,949431350,256,3,True
/lustre/isaac24/scratch/eopoku2/downey_cross_sucking_videos_2024/Group 1 Day 4/Cam 8/N884A6_ch8_main_20240709223001_20240709230001.mp4,-9223372036854775808,-9223372036854775808,-9223372036854775808,26970,14.992745445752057,948575357,256,3,True
/lustre/isaac24/scratch/eopoku2/downey_cross_sucking_videos_2024/Group 1 Day 4/Cam 8/N884A6_ch8_main_20240709230001_20240709233001.mp4,-9223372036854775808,-9223372036854775808,-9223372036854775808,26998,14.99372438382335,950111016,256,3,True
/lustre/isaac24/scratch/eopoku2/downey_cross_sucking_videos_2024/Group 1 Day 4/Cam 8/N884A6_ch8_main_20240709233001_20240710000000.mp4,-9223372036854775808,-9223372036854775808,-9223372036854775808,26977,14.991053269168788,949270570,256,3,True
/lustre/isaac24/scratch/eopoku2/downey_cross_sucking_videos_2024/Group 1 Day 4/Cam 8/N884A6_ch8_main_20240710000000_20240710003001.mp4,-9223372036854775808,-9223372036854775808,-9223372036854775808,27011,14.989539342615664,950431612,256,3,True
/lustre/isaac24/scratch/eopoku2/downey_cross_sucking_videos_2024/Group 1 Day 4/Cam 8/N884A6_ch8_main_20240710003001_20240710010001.mp4,-9223372036854775808,-9223372036854775808,-9223372036854775808,26970,14.993662300696036,948491550,256,3,True
/lustre/isaac24/scratch/eopoku2/downey_cross_sucking_videos_2024/Group 1 Day 4/Cam 8/N884A6_ch8_main_20240710010001_20240710013001.mp4,-9223372036854775808,-9223372036854775808,-9223372036854775808,27000,14.99333629498001,950269034,256,3,True
/lustre/isaac24/scratch/eopoku2/downey_cross_sucking_videos_2024/Group 1 Day 4/Cam 8/N884A6_ch8_main_20240710013001_20240710020001.mp4,-9223372036854775808,-9223372036854775808,-9223372036854775808,26990,14.993944646289568,949260175,256,3,True
/lustre/isaac24/scratch/eopoku2/downey_cross_sucking_videos_2024/Group 1 Day 4/Cam 8/N884A6_ch8_main_20240710020001_20240710023001.mp4,-9223372036854775808,-9223372036854775808,-9223372036854775808,26994,14.993251537149872,948374277,256,3,True
/lustre/isaac24/scratch/eopoku2/downey_cross_sucking_videos_2024/Group 1 Day 4/Cam 8/N884A6_ch8_main_20240710023001_20240710030001.mp4,-9223372036854775808,-9223372036854775808,-9223372036854775808,26977,14.989803799543257,948174288,256,3,True
/lustre/isaac24/scratch/eopoku2/downey_cross_sucking_videos_2024/Group 1 Day 4/Cam 8/N884A6_ch8_main_20240710030001_20240710033001.mp4,-9223372036854775808,-9223372036854775808,-9223372036854775808,26994,14.990420658059142,948696421,256,3,True
/lustre/isaac24/scratch/eopoku2/downey_cross_sucking_videos_2024/Group 1 Day 4/Cam 8/N884A6_ch8_main_20240710033001_20240710040001.mp4,-9223372036854775808,-9223372036854775808,-9223372036854775808,26992,14.992973432353317,948723164,256,3,True
/lustre/isaac24/scratch/eopoku2/downey_cross_sucking_videos_2024/Group 1 Day 4/Cam 8/N884A6_ch8_main_20240710040001_20240710043001.mp4,-9223372036854775808,-9223372036854775808,-9223372036854775808,26993,14.993112488613388,948863716,256,3,True
/lustre/isaac24/scratch/eopoku2/downey_cross_sucking_videos_2024/Group 1 Day 4/Cam 8/N884A6_ch8_main_20240710043001_20240710050001.mp4,-9223372036854775808,-9223372036854775808,-9223372036854775808,26994,14.99366793308005,948411192,256,3,True
/lustre/isaac24/scratch/eopoku2/downey_cross_sucking_videos_2024/Group 1 Day 4/Cam 8/._N884A6_ch8_main_20240709073001_20240709080001.mp4,-1,-1,-1,-1,-1.0,4096,256,3,False
/lustre/isaac24/scratch/eopoku2/downey_cross_sucking_videos_2024/Group 1 Day 4/Cam 8/._N884A6_ch8_main_20240709113001_20240709120001.mp4,-1,-1,-1,-1,-1.0,4096,256,3,False
/lustre/isaac24/scratch/eopoku2/downey_cross_sucking_videos_2024/Group 1 Day 4/Cam 8/._N884A6_ch8_main_20240709123001_20240709130001.mp4,-1,-1,-1,-1,-1.0,4096,256,3,False
/lustre/isaac24/scratch/eopoku2/downey_cross_sucking_videos_2024/Group 1 Day 4/Cam 8/._N884A6_ch8_main_20240709120001_20240709123001.mp4,-1,-1,-1,-1,-1.0,4096,256,3,False
/lustre/isaac24/scratch/eopoku2/downey_cross_sucking_videos_2024/Group 2 Day 4/Cam 16/N884A6_ch16_main_20240717050003_20240717053003.mp4,-9223372036854775808,-9223372036854775808,-9223372036854775808,26993,14.993528892246337,949414045,256,3,True
/lustre/isaac24/scratch/eopoku2/downey_cross_sucking_videos_2024/Group 2 Day 4/Cam 16/N884A6_ch16_main_20240717053003_20240717060003.mp4,-9223372036854775808,-9223372036854775808,-9223372036854775808,26992,14.99330655957162,949457603,256,3,True
/lustre/isaac24/scratch/eopoku2/downey_cross_sucking_videos_2024/Group 2 Day 4/Cam 16/N884A6_ch16_main_20240717060003_20240717063003.mp4,-9223372036854775808,-9223372036854775808,-9223372036854775808,26993,14.993945319009477,949314276,256,3,True
/lustre/isaac24/scratch/eopoku2/downey_cross_sucking_videos_2024/Group 2 Day 4/Cam 16/N884A6_ch16_main_20240717063003_20240717070003.mp4,-9223372036854775808,-9223372036854775808,-9223372036854775808,26977,14.990886661183843,949270982,256,3,True
/lustre/isaac24/scratch/eopoku2/downey_cross_sucking_videos_2024/Group 2 Day 4/Cam 16/N884A6_ch16_main_20240717070003_20240717073003.mp4,-9223372036854775808,-9223372036854775808,-9223372036854775808,26993,14.990198310666347,949024126,256,3,True
/lustre/isaac24/scratch/eopoku2/downey_cross_sucking_videos_2024/Group 2 Day 4/Cam 16/N884A6_ch16_main_20240717073003_20240717080003.mp4,-9223372036854775808,-9223372036854775808,-9223372036854775808,26992,14.99264031993779,948914634,256,3,True
/lustre/isaac24/scratch/eopoku2/downey_cross_sucking_videos_2024/Group 2 Day 4/Cam 16/N884A6_ch16_main_20240717080003_20240717083003.mp4,-9223372036854775808,-9223372036854775808,-9223372036854775808,26994,14.99366793308005,949133155,256,3,True
/lustre/isaac24/scratch/eopoku2/downey_cross_sucking_videos_2024/Group 2 Day 4/Cam 16/N884A6_ch16_main_20240717083003_20240717090003.mp4,-9223372036854775808,-9223372036854775808,-9223372036854775808,26970,14.992828791567993,947953463,256,3,True
/lustre/isaac24/scratch/eopoku2/downey_cross_sucking_videos_2024/Group 2 Day 4/Cam 16/N884A6_ch16_main_20240717090003_20240717093003.mp4,-9223372036854775808,-9223372036854775808,-9223372036854775808,26998,14.99264195474108,949813233,256,3,True
/lustre/isaac24/scratch/eopoku2/downey_cross_sucking_videos_2024/Group 2 Day 4/Cam 16/N884A6_ch16_main_20240717093003_20240717100003.mp4,-9223372036854775808,-9223372036854775808,-9223372036854775808,26992,14.989975953395126,948698327,256,3,True
/lustre/isaac24/scratch/eopoku2/downey_cross_sucking_videos_2024/Group 2 Day 4/Cam 16/N884A6_ch16_main_20240717100003_20240717103003.mp4,-9223372036854775808,-9223372036854775808,-9223372036854775808,26993,14.990614552441883,948727082,256,3,True
/lustre/isaac24/scratch/eopoku2/downey_cross_sucking_videos_2024/Group 2 Day 4/Cam 16/N884A6_ch16_main_20240717103003_20240717110003.mp4,-9223372036854775808,-9223372036854775808,-9223372036854775808,26993,14.993528892246337,948625944,256,3,True
/lustre/isaac24/scratch/eopoku2/downey_cross_sucking_videos_2024/Group 2 Day 4/Cam 16/N884A6_ch16_main_20240717110003_20240717113003.mp4,-9223372036854775808,-9223372036854775808,-9223372036854775808,26979,14.993664414013873,948473809,256,3,True
/lustre/isaac24/scratch/eopoku2/downey_cross_sucking_videos_2024/Group 2 Day 4/Cam 16/N884A6_ch16_main_20240717113003_20240717120003.mp4,-9223372036854775808,-9223372036854775808,-9223372036854775808,26994,14.99366793308005,948405306,256,3,True
/lustre/isaac24/scratch/eopoku2/downey_cross_sucking_videos_2024/Group 2 Day 4/Cam 16/N884A6_ch16_main_20240717120003_20240717123003.mp4,-9223372036854775808,-9223372036854775808,-9223372036854775808,26990,14.9935281732783,949245692,256,3,True
/lustre/isaac24/scratch/eopoku2/downey_cross_sucking_videos_2024/Group 2 Day 4/Cam 16/N884A6_ch16_main_20240717123003_20240717130003.mp4,-9223372036854775808,-9223372036854775808,-9223372036854775808,26987,14.990029605683402,948852598,256,3,True
/lustre/isaac24/scratch/eopoku2/downey_cross_sucking_videos_2024/Group 2 Day 4/Cam 16/N884A6_ch16_main_20240717130003_20240717133003.mp4,-9223372036854775808,-9223372036854775808,-9223372036854775808,26985,14.99141680971984,949716277,256,3,True
/lustre/isaac24/scratch/eopoku2/downey_cross_sucking_videos_2024/Group 2 Day 4/Cam 16/N884A6_ch16_main_20240717133003_20240717140003.mp4,-9223372036854775808,-9223372036854775808,-9223372036854775808,26992,14.993389843689243,948914632,256,3,True
/lustre/isaac24/scratch/eopoku2/downey_cross_sucking_videos_2024/Group 2 Day 4/Cam 16/N884A6_ch16_main_20240717140003_20240717143003.mp4,-9223372036854775808,-9223372036854775808,-9223372036854775808,26993,14.993528892246337,948737452,256,3,True
/lustre/isaac24/scratch/eopoku2/downey_cross_sucking_videos_2024/Group 2 Day 4/Cam 16/N884A6_ch16_main_20240717143003_20240717150003.mp4,-9223372036854775808,-9223372036854775808,-9223372036854775808,26992,14.993389843689243,948592002,256,3,True
/lustre/isaac24/scratch/eopoku2/downey_cross_sucking_videos_2024/Group 2 Day 4/Cam 16/N884A6_ch16_main_20240717150003_20240717153003.mp4,-9223372036854775808,-9223372036854775808,-9223372036854775808,26577,14.99542977081147,934453007,256,3,True
/lustre/isaac24/scratch/eopoku2/downey_cross_sucking_videos_2024/Group 2 Day 4/Cam 16/N884A6_ch16_main_20240717153003_20240717160003.mp4,-9223372036854775808,-9223372036854775808,-9223372036854775808,26992,14.990225697529768,948311297,256,3,True
/lustre/isaac24/scratch/eopoku2/downey_cross_sucking_videos_2024/Group 2 Day 4/Cam 16/N884A6_ch16_main_20240717160003_20240717163003.mp4,-9223372036854775808,-9223372036854775808,-9223372036854775808,26993,14.9905313022375,948609985,256,3,True
/lustre/isaac24/scratch/eopoku2/downey_cross_sucking_videos_2024/Group 2 Day 4/Cam 16/N884A6_ch16_main_20240717163003_20240717170003.mp4,-9223372036854775808,-9223372036854775808,-9223372036854775808,26992,14.99422273575682,948677834,256,3,True
/lustre/isaac24/scratch/eopoku2/downey_cross_sucking_videos_2024/Group 2 Day 4/Cam 16/N884A6_ch16_main_20240717170003_20240717173003.mp4,-9223372036854775808,-9223372036854775808,-9223372036854775808,26994,14.993251537149872,949264212,256,3,True
/lustre/isaac24/scratch/eopoku2/downey_cross_sucking_videos_2024/Group 2 Day 4/Cam 16/N884A6_ch16_main_20240717173003_20240717180003.mp4,-9223372036854775808,-9223372036854775808,-9223372036854775808,26978,14.993108660857194,949344886,256,3,True
/lustre/isaac24/scratch/eopoku2/downey_cross_sucking_videos_2024/Group 2 Day 4/Cam 16/N884A6_ch16_main_20240717180003_20240717183003.mp4,-9223372036854775808,-9223372036854775808,-9223372036854775808,26992,14.993806278156438,949407911,256,3,True
/lustre/isaac24/scratch/eopoku2/downey_cross_sucking_videos_2024/Group 2 Day 4/Cam 16/N884A6_ch16_main_20240717183003_20240717190003.mp4,-9223372036854775808,-9223372036854775808,-9223372036854775808,26992,14.99105823808413,950101152,256,3,True
/lustre/isaac24/scratch/eopoku2/downey_cross_sucking_videos_2024/Group 2 Day 4/Cam 16/N884A6_ch16_main_20240717190003_20240717193003.mp4,-9223372036854775808,-9223372036854775808,-9223372036854775808,26994,14.990753647172504,949256888,256,3,True
/lustre/isaac24/scratch/eopoku2/downey_cross_sucking_videos_2024/Group 2 Day 4/Cam 16/N884A6_ch16_main_20240717193003_20240717200003.mp4,-9223372036854775808,-9223372036854775808,-9223372036854775808,26977,14.993386169869837,949417038,256,3,True
/lustre/isaac24/scratch/eopoku2/downey_cross_sucking_videos_2024/Group 2 Day 4/Cam 16/N884A6_ch16_main_20240717200003_20240717203003.mp4,-9223372036854775808,-9223372036854775808,-9223372036854775808,26992,14.993806278156438,949318746,256,3,True
/lustre/isaac24/scratch/eopoku2/downey_cross_sucking_videos_2024/Group 2 Day 4/Cam 16/N884A6_ch16_main_20240717203003_20240717210003.mp4,-9223372036854775808,-9223372036854775808,-9223372036854775808,26994,14.99366793308005,949627831,256,3,True
/lustre/isaac24/scratch/eopoku2/downey_cross_sucking_videos_2024/Group 2 Day 4/Cam 16/N884A6_ch16_main_20240717210003_20240717213003.mp4,-9223372036854775808,-9223372036854775808,-9223372036854775808,26991,14.993667229579591,949265508,256,3,True
/lustre/isaac24/scratch/eopoku2/downey_cross_sucking_videos_2024/Group 2 Day 4/Cam 16/N884A6_ch16_main_20240717213003_20240717220003.mp4,-9223372036854775808,-9223372036854775808,-9223372036854775808,26981,14.990277237624312,949324763,256,3,True
/lustre/isaac24/scratch/eopoku2/downey_cross_sucking_videos_2024/Group 2 Day 4/Cam 16/N884A6_ch16_main_20240717220003_20240717223003.mp4,-9223372036854775808,-9223372036854775808,-9223372036854775808,26991,14.991085660966304,949389365,256,3,True
/lustre/isaac24/scratch/eopoku2/downey_cross_sucking_videos_2024/Group 2 Day 4/Cam 16/N884A6_ch16_main_20240717223003_20240717230003.mp4,-9223372036854775808,-9223372036854775808,-9223372036854775808,26992,14.993806278156438,949536105,256,3,True
/lustre/isaac24/scratch/eopoku2/downey_cross_sucking_videos_2024/Group 2 Day 4/Cam 16/N884A6_ch16_main_20240717230003_20240717233003.mp4,-9223372036854775808,-9223372036854775808,-9223372036854775808,26994,14.993001710692942,949471558,256,3,True
/lustre/isaac24/scratch/eopoku2/downey_cross_sucking_videos_2024/Group 2 Day 4/Cam 16/N884A6_ch16_main_20240717233003_20240718000000.mp4,-9223372036854775808,-9223372036854775808,-9223372036854775808,26933,14.993514482466836,947295682,256,3,True
/lustre/isaac24/scratch/eopoku2/downey_cross_sucking_videos_2024/Group 2 Day 4/Cam 16/N884A6_ch16_main_20240718000000_20240718003003.mp4,-9223372036854775808,-9223372036854775808,-9223372036854775808,27037,14.99340084069962,951488051,256,3,True
/lustre/isaac24/scratch/eopoku2/downey_cross_sucking_videos_2024/Group 2 Day 4/Cam 16/N884A6_ch16_main_20240718003003_20240718010003.mp4,-9223372036854775808,-9223372036854775808,-9223372036854775808,26991,14.989753586244817,949343738,256,3,True
/lustre/isaac24/scratch/eopoku2/downey_cross_sucking_videos_2024/Group 2 Day 4/Cam 16/N884A6_ch16_main_20240718010003_20240718013003.mp4,-9223372036854775808,-9223372036854775808,-9223372036854775808,26992,14.9908917225752,949478074,256,3,True
/lustre/isaac24/scratch/eopoku2/downey_cross_sucking_videos_2024/Group 2 Day 4/Cam 16/N884A6_ch16_main_20240718013003_20240718020003.mp4,-9223372036854775808,-9223372036854775808,-9223372036854775808,26980,14.993803524488582,949342705,256,3,True
/lustre/isaac24/scratch/eopoku2/downey_cross_sucking_videos_2024/Group 2 Day 4/Cam 16/N884A6_ch16_main_20240718020003_20240718023003.mp4,-9223372036854775808,-9223372036854775808,-9223372036854775808,26994,14.994084352139351,949405163,256,3,True
/lustre/isaac24/scratch/eopoku2/downey_cross_sucking_videos_2024/Group 2 Day 4/Cam 16/N884A6_ch16_main_20240718023003_20240718030003.mp4,-9223372036854775808,-9223372036854775808,-9223372036854775808,26989,14.992972651671288,949406431,256,3,True
/lustre/isaac24/scratch/eopoku2/downey_cross_sucking_videos_2024/Group 2 Day 4/Cam 16/N884A6_ch16_main_20240718030003_20240718033003.mp4,-9223372036854775808,-9223372036854775808,-9223372036854775808,26993,14.993528892246337,949477053,256,3,True
/lustre/isaac24/scratch/eopoku2/downey_cross_sucking_videos_2024/Group 2 Day 4/Cam 16/N884A6_ch16_main_20240718033003_20240718040003.mp4,-9223372036854775808,-9223372036854775808,-9223372036854775808,26993,14.990947562506248,950122442,256,3,True
/lustre/isaac24/scratch/eopoku2/downey_cross_sucking_videos_2024/Group 2 Day 4/Cam 16/N884A6_ch16_main_20240718040003_20240718043003.mp4,-9223372036854775808,-9223372036854775808,-9223372036854775808,26977,14.990303562398935,949293120,256,3,True
/lustre/isaac24/scratch/eopoku2/downey_cross_sucking_videos_2024/Group 2 Day 4/Cam 16/N884A6_ch16_main_20240718043003_20240718050000.mp4,-9223372036854775808,-9223372036854775808,-9223372036854775808,26949,14.993240273504654,948066384,256,3,True
/lustre/isaac24/scratch/eopoku2/downey_cross_sucking_videos_2024/Group 2 Day 4/Cam 16/._N884A6_ch16_main_20240717060003_20240717063003.mp4,-1,-1,-1,-1,-1.0,4096,256,3,False
/lustre/isaac24/scratch/eopoku2/downey_cross_sucking_videos_2024/Group 2 Day 4/Cam 16/._N884A6_ch16_main_20240717100003_20240717103003.mp4,-1,-1,-1,-1,-1.0,4096,256,3,False
/lustre/isaac24/scratch/eopoku2/downey_cross_sucking_videos_2024/Group 2 Day 4/Cam 16/._N884A6_ch16_main_20240717160003_20240717163003.mp4,-1,-1,-1,-1,-1.0,4096,256,3,False
/lustre/isaac24/scratch/eopoku2/downey_cross_sucking_videos_2024/Group 2 Day 4/Cam 16/._N884A6_ch16_main_20240717163003_20240717170003.mp4,-1,-1,-1,-1,-1.0,4096,256,3,False
/lustre/isaac24/scratch/eopoku2/downey_cross_sucking_videos_2024/Group 2 Day 4/Cam 16/._N884A6_ch16_main_20240717173003_20240717180003.mp4,-1,-1,-1,-1,-1.0,4096,256,3,False
/lustre/isaac24/scratch/eopoku2/downey_cross_sucking_videos_2024/Group 2 Day 4/Cam 16/._N884A6_ch16_main_20240717073003_20240717080003.mp4,-1,-1,-1,-1,-1.0,4096,256,3,False
/lustre/isaac24/scratch/eopoku2/downey_cross_sucking_videos_2024/Group 2 Day 4/Cam 10/N884A6_ch10_main_20240717050000_20240717053000.mp4,-9223372036854775808,-9223372036854775808,-9223372036854775808,26993,14.993029210662252,949527189,256,3,True
/lustre/isaac24/scratch/eopoku2/downey_cross_sucking_videos_2024/Group 2 Day 4/Cam 10/N884A6_ch10_main_20240717053000_20240717060000.mp4,-9223372036854775808,-9223372036854775808,-9223372036854775808,26993,14.993445609669392,949485387,256,3,True
/lustre/isaac24/scratch/eopoku2/downey_cross_sucking_videos_2024/Group 2 Day 4/Cam 10/N884A6_ch10_main_20240717060000_20240717063000.mp4,-9223372036854775808,-9223372036854775808,-9223372036854775808,26991,14.993583939294622,949333873,256,3,True
/lustre/isaac24/scratch/eopoku2/downey_cross_sucking_videos_2024/Group 2 Day 4/Cam 10/N884A6_ch10_main_20240717063000_20240717070000.mp4,-9223372036854775808,-9223372036854775808,-9223372036854775808,26979,14.99049862757954,949360493,256,3,True
/lustre/isaac24/scratch/eopoku2/downey_cross_sucking_videos_2024/Group 2 Day 4/Cam 10/N884A6_ch10_main_20240717070000_20240717073000.mp4,-9223372036854775808,-9223372036854775808,-9223372036854775808,26992,14.9908917225752,949258919,256,3,True
/lustre/isaac24/scratch/eopoku2/downey_cross_sucking_videos_2024/Group 2 Day 4/Cam 10/N884A6_ch10_main_20240717073000_20240717080000.mp4,-9223372036854775808,-9223372036854775808,-9223372036854775808,26994,14.993251537149872,949279349,256,3,True
/lustre/isaac24/scratch/eopoku2/downey_cross_sucking_videos_2024/Group 2 Day 4/Cam 10/N884A6_ch10_main_20240717080000_20240717083000.mp4,-9223372036854775808,-9223372036854775808,-9223372036854775808,26991,14.993250787408137,949371088,256,3,True
/lustre/isaac24/scratch/eopoku2/downey_cross_sucking_videos_2024/Group 2 Day 4/Cam 10/N884A6_ch10_main_20240717083000_20240717090000.mp4,-9223372036854775808,-9223372036854775808,-9223372036854775808,26981,14.993942627232617,949070840,256,3,True
/lustre/isaac24/scratch/eopoku2/downey_cross_sucking_videos_2024/Group 2 Day 4/Cam 10/N884A6_ch10_main_20240717090000_20240717093000.mp4,-9223372036854775808,-9223372036854775808,-9223372036854775808,26991,14.994166990722738,949201228,256,3,True
/lustre/isaac24/scratch/eopoku2/downey_cross_sucking_videos_2024/Group 2 Day 4/Cam 10/N884A6_ch10_main_20240717093000_20240717100000.mp4,-9223372036854775808,-9223372036854775808,-9223372036854775808,26993,14.991197329764132,948852678,256,3,True
/lustre/isaac24/scratch/eopoku2/downey_cross_sucking_videos_2024/Group 2 Day 4/Cam 10/N884A6_ch10_main_20240717100000_20240717103000.mp4,-9223372036854775808,-9223372036854775808,-9223372036854775808,26993,14.990448052957772,948810784,256,3,True
/lustre/isaac24/scratch/eopoku2/downey_cross_sucking_videos_2024/Group 2 Day 4/Cam 10/N884A6_ch10_main_20240717103000_20240717110000.mp4,-9223372036854775808,-9223372036854775808,-9223372036854775808,26994,14.993584652043747,948826138,256,3,True
/lustre/isaac24/scratch/eopoku2/downey_cross_sucking_videos_2024/Group 2 Day 4/Cam 10/N884A6_ch10_main_20240717110000_20240717113000.mp4,-9223372036854775808,-9223372036854775808,-9223372036854775808,26978,14.99444197421076,948671232,256,3,True
/lustre/isaac24/scratch/eopoku2/downey_cross_sucking_videos_2024/Group 2 Day 4/Cam 10/N884A6_ch10_main_20240717113000_20240717120000.mp4,-9223372036854775808,-9223372036854775808,-9223372036854775808,26990,14.993861349836395,948765804,256,3,True
/lustre/isaac24/scratch/eopoku2/downey_cross_sucking_videos_2024/Group 2 Day 4/Cam 10/N884A6_ch10_main_20240717120000_20240717123000.mp4,-9223372036854775808,-9223372036854775808,-9223372036854775808,26994,14.99400106647707,949506993,256,3,True
/lustre/isaac24/scratch/eopoku2/downey_cross_sucking_videos_2024/Group 2 Day 4/Cam 10/N884A6_ch10_main_20240717123000_20240717130000.mp4,-9223372036854775808,-9223372036854775808,-9223372036854775808,26996,14.99153130640011,949757073,256,3,True
/lustre/isaac24/scratch/eopoku2/downey_cross_sucking_videos_2024/Group 2 Day 4/Cam 10/N884A6_ch10_main_20240717130000_20240717133000.mp4,-9223372036854775808,-9223372036854775808,-9223372036854775808,26977,14.991303188090091,949258214,256,3,True
/lustre/isaac24/scratch/eopoku2/downey_cross_sucking_videos_2024/Group 2 Day 4/Cam 10/N884A6_ch10_main_20240717133000_20240717140000.mp4,-9223372036854775808,-9223372036854775808,-9223372036854775808,26991,14.9927510873369,949419818,256,3,True
/lustre/isaac24/scratch/eopoku2/downey_cross_sucking_videos_2024/Group 2 Day 4/Cam 10/N884A6_ch10_main_20240717140000_20240717143000.mp4,-9223372036854775808,-9223372036854775808,-9223372036854775808,26994,14.99416763872688,948961412,256,3,True
/lustre/isaac24/scratch/eopoku2/downey_cross_sucking_videos_2024/Group 2 Day 4/Cam 10/N884A6_ch10_main_20240717143000_20240717150000.mp4,-9223372036854775808,-9223372036854775808,-9223372036854775808,26993,14.993528892246337,948972959,256,3,True
/lustre/isaac24/scratch/eopoku2/downey_cross_sucking_videos_2024/Group 2 Day 4/Cam 10/N884A6_ch10_main_20240717150000_20240717153000.mp4,-9223372036854775808,-9223372036854775808,-9223372036854775808,26544,14.99483112173132,934610068,256,3,True
/lustre/isaac24/scratch/eopoku2/downey_cross_sucking_videos_2024/Group 2 Day 4/Cam 10/N884A6_ch10_main_20240717153000_20240717160000.mp4,-9223372036854775808,-9223372036854775808,-9223372036854775808,26994,14.991669443518829,948702461,256,3,True
/lustre/isaac24/scratch/eopoku2/downey_cross_sucking_videos_2024/Group 2 Day 4/Cam 10/N884A6_ch10_main_20240717160000_20240717163000.mp4,-9223372036854775808,-9223372036854775808,-9223372036854775808,26993,14.9908643086031,948859170,256,3,True
/lustre/isaac24/scratch/eopoku2/downey_cross_sucking_videos_2024/Group 2 Day 4/Cam 10/N884A6_ch10_main_20240717163000_20240717170000.mp4,-9223372036854775808,-9223372036854775808,-9223372036854775808,26992,14.99330655957162,948842331,256,3,True
/lustre/isaac24/scratch/eopoku2/downey_cross_sucking_videos_2024/Group 2 Day 4/Cam 10/N884A6_ch10_main_20240717170000_20240717173000.mp4,-9223372036854775808,-9223372036854775808,-9223372036854775808,26993,14.99436176890474,949560893,256,3,True
/lustre/isaac24/scratch/eopoku2/downey_cross_sucking_videos_2024/Group 2 Day 4/Cam 10/N884A6_ch10_main_20240717173000_20240717180000.mp4,-9223372036854775808,-9223372036854775808,-9223372036854775808,26977,14.993719500672514,948949162,256,3,True
/lustre/isaac24/scratch/eopoku2/downey_cross_sucking_videos_2024/Group 2 Day 4/Cam 10/N884A6_ch10_main_20240717180000_20240717183000.mp4,-9223372036854775808,-9223372036854775808,-9223372036854775808,26992,14.993806278156438,948374570,256,3,True
/lustre/isaac24/scratch/eopoku2/downey_cross_sucking_videos_2024/Group 2 Day 4/Cam 10/N884A6_ch10_main_20240717183000_20240717190000.mp4,-9223372036854775808,-9223372036854775808,-9223372036854775808,26993,14.990198310666347,949195335,256,3,True
/lustre/isaac24/scratch/eopoku2/downey_cross_sucking_videos_2024/Group 2 Day 4/Cam 10/N884A6_ch10_main_20240717190000_20240717193000.mp4,-9223372036854775808,-9223372036854775808,-9223372036854775808,26995,14.990143543326765,948963388,256,3,True
/lustre/isaac24/scratch/eopoku2/downey_cross_sucking_videos_2024/Group 2 Day 4/Cam 10/N884A6_ch10_main_20240717193000_20240717200000.mp4,-9223372036854775808,-9223372036854775808,-9223372036854775808,26970,14.993662300696036,948498481,256,3,True
/lustre/isaac24/scratch/eopoku2/downey_cross_sucking_videos_2024/Group 2 Day 4/Cam 10/N884A6_ch10_main_20240717200000_20240717203000.mp4,-9223372036854775808,-9223372036854775808,-9223372036854775808,26998,14.993807654072786,949503918,256,3,True
/lustre/isaac24/scratch/eopoku2/downey_cross_sucking_videos_2024/Group 2 Day 4/Cam 10/N884A6_ch10_main_20240717203000_20240717210000.mp4,-9223372036854775808,-9223372036854775808,-9223372036854775808,26994,14.993251537149872,949484752,256,3,True
/lustre/isaac24/scratch/eopoku2/downey_cross_sucking_videos_2024/Group 2 Day 4/Cam 10/N884A6_ch10_main_20240717210000_20240717213000.mp4,-9223372036854775808,-9223372036854775808,-9223372036854775808,26992,14.993806278156438,949558769,256,3,True
/lustre/isaac24/scratch/eopoku2/downey_cross_sucking_videos_2024/Group 2 Day 4/Cam 10/N884A6_ch10_main_20240717213000_20240717220000.mp4,-9223372036854775808,-9223372036854775808,-9223372036854775808,26977,14.99005367680562,949303954,256,3,True
/lustre/isaac24/scratch/eopoku2/downey_cross_sucking_videos_2024/Group 2 Day 4/Cam 10/N884A6_ch10_main_20240717220000_20240717223000.mp4,-9223372036854775808,-9223372036854775808,-9223372036854775808,26995,14.990892734178905,949456317,256,3,True
/lustre/isaac24/scratch/eopoku2/downey_cross_sucking_videos_2024/Group 2 Day 4/Cam 10/N884A6_ch10_main_20240717223000_20240717230000.mp4,-9223372036854775808,-9223372036854775808,-9223372036854775808,26990,14.9935281732783,949442963,256,3,True
/lustre/isaac24/scratch/eopoku2/downey_cross_sucking_videos_2024/Group 2 Day 4/Cam 10/N884A6_ch10_main_20240717230000_20240717233000.mp4,-9223372036854775808,-9223372036854775808,-9223372036854775808,26995,14.993806966191034,949474508,256,3,True
/lustre/isaac24/scratch/eopoku2/downey_cross_sucking_videos_2024/Group 2 Day 4/Cam 10/N884A6_ch10_main_20240717233000_20240718000000.mp4,-9223372036854775808,-9223372036854775808,-9223372036854775808,26976,14.993663709731209,949265815,256,3,True
/lustre/isaac24/scratch/eopoku2/downey_cross_sucking_videos_2024/Group 2 Day 4/Cam 10/N884A6_ch10_main_20240718000000_20240718003000.mp4,-9223372036854775808,-9223372036854775808,-9223372036854775808,26993,14.993112488613388,949524974,256,3,True
/lustre/isaac24/scratch/eopoku2/downey_cross_sucking_videos_2024/Group 2 Day 4/Cam 10/N884A6_ch10_main_20240718003000_20240718010000.mp4,-9223372036854775808,-9223372036854775808,-9223372036854775808,26991,14.990669362184258,949361926,256,3,True
/lustre/isaac24/scratch/eopoku2/downey_cross_sucking_videos_2024/Group 2 Day 4/Cam 10/N884A6_ch10_main_20240718010000_20240718013000.mp4,-9223372036854775808,-9223372036854775808,-9223372036854775808,26993,14.99003182042838,949529085,256,3,True
/lustre/isaac24/scratch/eopoku2/downey_cross_sucking_videos_2024/Group 2 Day 4/Cam 10/N884A6_ch10_main_20240718013000_20240718020000.mp4,-9223372036854775808,-9223372036854775808,-9223372036854775808,26978,14.993525295807837,949301209,256,3,True
/lustre/isaac24/scratch/eopoku2/downey_cross_sucking_videos_2024/Group 2 Day 4/Cam 10/N884A6_ch10_main_20240718020000_20240718023000.mp4,-9223372036854775808,-9223372036854775808,-9223372036854775808,26991,14.993667229579591,949415140,256,3,True
/lustre/isaac24/scratch/eopoku2/downey_cross_sucking_videos_2024/Group 2 Day 4/Cam 10/N884A6_ch10_main_20240718023000_20240718030000.mp4,-9223372036854775808,-9223372036854775808,-9223372036854775808,26993,14.993945319009477,949559040,256,3,True
/lustre/isaac24/scratch/eopoku2/downey_cross_sucking_videos_2024/Group 2 Day 4/Cam 10/N884A6_ch10_main_20240718030000_20240718033000.mp4,-9223372036854775808,-9223372036854775808,-9223372036854775808,26993,14.993945319009477,949457059,256,3,True
/lustre/isaac24/scratch/eopoku2/downey_cross_sucking_videos_2024/Group 2 Day 4/Cam 10/N884A6_ch10_main_20240718033000_20240718040000.mp4,-9223372036854775808,-9223372036854775808,-9223372036854775808,26995,14.991142481104886,950194437,256,3,True
/lustre/isaac24/scratch/eopoku2/downey_cross_sucking_videos_2024/Group 2 Day 4/Cam 10/N884A6_ch10_main_20240718040000_20240718043000.mp4,-9223372036854775808,-9223372036854775808,-9223372036854775808,26970,14.98999555357937,948546333,256,3,True
/lustre/isaac24/scratch/eopoku2/downey_cross_sucking_videos_2024/Group 2 Day 4/Cam 10/N884A6_ch10_main_20240718043000_20240718050000.mp4,-9223372036854775808,-9223372036854775808,-9223372036854775808,26996,14.99394599157993,950136712,256,3,True
/lustre/isaac24/scratch/eopoku2/downey_cross_sucking_videos_2024/Group 2 Day 4/Cam 11/N884A6_ch11_main_20240717050001_20240717053001.mp4,-9223372036854775808,-9223372036854775808,-9223372036854775808,26989,14.992972651671288,949337607,256,3,True
/lustre/isaac24/scratch/eopoku2/downey_cross_sucking_videos_2024/Group 2 Day 4/Cam 11/N884A6_ch11_main_20240717053001_20240717060001.mp4,-9223372036854775808,-9223372036854775808,-9223372036854775808,26993,14.993945319009477,949372029,256,3,True
/lustre/isaac24/scratch/eopoku2/downey_cross_sucking_videos_2024/Group 2 Day 4/Cam 11/N884A6_ch11_main_20240717060001_20240717063001.mp4,-9223372036854775808,-9223372036854775808,-9223372036854775808,26995,14.993806966191034,949187808,256,3,True
/lustre/isaac24/scratch/eopoku2/downey_cross_sucking_videos_2024/Group 2 Day 4/Cam 11/N884A6_ch11_main_20240717063001_20240717070001.mp4,-9223372036854775808,-9223372036854775808,-9223372036854775808,26978,14.991442352575074,949077370,256,3,True
/lustre/isaac24/scratch/eopoku2/downey_cross_sucking_videos_2024/Group 2 Day 4/Cam 11/N884A6_ch11_main_20240717070001_20240717073001.mp4,-9223372036854775808,-9223372036854775808,-9223372036854775808,26994,14.990254169049908,949038263,256,3,True
/lustre/isaac24/scratch/eopoku2/downey_cross_sucking_videos_2024/Group 2 Day 4/Cam 11/N884A6_ch11_main_20240717073001_20240717080001.mp4,-9223372036854775808,-9223372036854775808,-9223372036854775808,26990,14.9935281732783,948652335,256,3,True
/lustre/isaac24/scratch/eopoku2/downey_cross_sucking_videos_2024/Group 2 Day 4/Cam 11/N884A6_ch11_main_20240717080001_20240717083001.mp4,-9223372036854775808,-9223372036854775808,-9223372036854775808,26995,14.994223377546714,948983608,256,3,True
/lustre/isaac24/scratch/eopoku2/downey_cross_sucking_videos_2024/Group 2 Day 4/Cam 11/N884A6_ch11_main_20240717083001_20240717090001.mp4,-9223372036854775808,-9223372036854775808,-9223372036854775808,26978,14.993941953914389,948828518,256,3,True
/lustre/isaac24/scratch/eopoku2/downey_cross_sucking_videos_2024/Group 2 Day 4/Cam 11/N884A6_ch11_main_20240717090001_20240717093001.mp4,-9223372036854775808,-9223372036854775808,-9223372036854775808,26993,14.993528892246337,948862919,256,3,True
/lustre/isaac24/scratch/eopoku2/downey_cross_sucking_videos_2024/Group 2 Day 4/Cam 11/N884A6_ch11_main_20240717093001_20240717100001.mp4,-9223372036854775808,-9223372036854775808,-9223372036854775808,26993,14.989698851047052,948583704,256,3,True
/lustre/isaac24/scratch/eopoku2/downey_cross_sucking_videos_2024/Group 2 Day 4/Cam 11/N884A6_ch11_main_20240717100001_20240717103001.mp4,-9223372036854775808,-9223372036854775808,-9223372036854775808,26993,14.9908643086031,948321465,256,3,True
/lustre/isaac24/scratch/eopoku2/downey_cross_sucking_videos_2024/Group 2 Day 4/Cam 11/N884A6_ch11_main_20240717103001_20240717110001.mp4,-9223372036854775808,-9223372036854775808,-9223372036854775808,26993,14.993445609669392,948259780,256,3,True
/lustre/isaac24/scratch/eopoku2/downey_cross_sucking_videos_2024/Group 2 Day 4/Cam 11/N884A6_ch11_main_20240717110001_20240717113001.mp4,-9223372036854775808,-9223372036854775808,-9223372036854775808,26976,14.993580373172074,948394157,256,3,True
/lustre/isaac24/scratch/eopoku2/downey_cross_sucking_videos_2024/Group 2 Day 4/Cam 11/N884A6_ch11_main_20240717113001_20240717120001.mp4,-9223372036854775808,-9223372036854775808,-9223372036854775808,26992,14.992890152861714,948209376,256,3,True
/lustre/isaac24/scratch/eopoku2/downey_cross_sucking_videos_2024/Group 2 Day 4/Cam 11/N884A6_ch11_main_20240717120001_20240717123001.mp4,-9223372036854775808,-9223372036854775808,-9223372036854775808,26994,14.993584652043747,948986683,256,3,True
/lustre/isaac24/scratch/eopoku2/downey_cross_sucking_videos_2024/Group 2 Day 4/Cam 11/N884A6_ch11_main_20240717123001_20240717130001.mp4,-9223372036854775808,-9223372036854775808,-9223372036854775808,26991,14.989254119254284,949160666,256,3,True
/lustre/isaac24/scratch/eopoku2/downey_cross_sucking_videos_2024/Group 2 Day 4/Cam 11/N884A6_ch11_main_20240717130001_20240717133001.mp4,-9223372036854775808,-9223372036854775808,-9223372036854775808,26978,14.990192864405932,948604667,256,3,True
/lustre/isaac24/scratch/eopoku2/downey_cross_sucking_videos_2024/Group 2 Day 4/Cam 11/N884A6_ch11_main_20240717133001_20240717140001.mp4,-9223372036854775808,-9223372036854775808,-9223372036854775808,26996,14.993862713624775,949044213,256,3,True
/lustre/isaac24/scratch/eopoku2/downey_cross_sucking_videos_2024/Group 2 Day 4/Cam 11/N884A6_ch11_main_20240717140001_20240717143001.mp4,-9223372036854775808,-9223372036854775808,-9223372036854775808,26989,14.993722291974532,948422956,256,3,True
/lustre/isaac24/scratch/eopoku2/downey_cross_sucking_videos_2024/Group 2 Day 4/Cam 11/N884A6_ch11_main_20240717143001_20240717150001.mp4,-9223372036854775808,-9223372036854775808,-9223372036854775808,26997,14.994001732832738,948448555,256,3,True
/lustre/isaac24/scratch/eopoku2/downey_cross_sucking_videos_2024/Group 2 Day 4/Cam 11/N884A6_ch11_main_20240717150001_20240717153001.mp4,-9223372036854775808,-9223372036854775808,-9223372036854775808,26525,14.995194753801798,932390593,256,3,True
/lustre/isaac24/scratch/eopoku2/downey_cross_sucking_videos_2024/Group 2 Day 4/Cam 11/N884A6_ch11_main_20240717153001_20240717160001.mp4,-9223372036854775808,-9223372036854775808,-9223372036854775808,26996,14.990865323212075,948909704,256,3,True
/lustre/isaac24/scratch/eopoku2/downey_cross_sucking_videos_2024/Group 2 Day 4/Cam 11/N884A6_ch11_main_20240717160001_20240717163001.mp4,-9223372036854775808,-9223372036854775808,-9223372036854775808,26995,14.99080948705276,948247290,256,3,True
/lustre/isaac24/scratch/eopoku2/downey_cross_sucking_videos_2024/Group 2 Day 4/Cam 11/N884A6_ch11_main_20240717163001_20240717170001.mp4,-9223372036854775808,-9223372036854775808,-9223372036854775808,26993,14.99386203180634,948261895,256,3,True
/lustre/isaac24/scratch/eopoku2/downey_cross_sucking_videos_2024/Group 2 Day 4/Cam 11/N884A6_ch11_main_20240717170001_20240717173001.mp4,-9223372036854775808,-9223372036854775808,-9223372036854775808,26991,14.993583939294622,949120094,256,3,True
/lustre/isaac24/scratch/eopoku2/downey_cross_sucking_videos_2024/Group 2 Day 4/Cam 11/N884A6_ch11_main_20240717173001_20240717180001.mp4,-9223372036854775808,-9223372036854775808,-9223372036854775808,26980,14.993720198730704,949299441,256,3,True
/lustre/isaac24/scratch/eopoku2/downey_cross_sucking_videos_2024/Group 2 Day 4/Cam 11/N884A6_ch11_main_20240717180001_20240717183001.mp4,-9223372036854775808,-9223372036854775808,-9223372036854775808,26993,14.993945319009477,949388011,256,3,True
/lustre/isaac24/scratch/eopoku2/downey_cross_sucking_videos_2024/Group 2 Day 4/Cam 11/N884A6_ch11_main_20240717183001_20240717190001.mp4,-9223372036854775808,-9223372036854775808,-9223372036854775808,26992,14.990308947423957,950071410,256,3,True
/lustre/isaac24/scratch/eopoku2/downey_cross_sucking_videos_2024/Group 2 Day 4/Cam 11/N884A6_ch11_main_20240717190001_20240717193001.mp4,-9223372036854775808,-9223372036854775808,-9223372036854775808,26995,14.991142481104886,948962299,256,3,True
/lustre/isaac24/scratch/eopoku2/downey_cross_sucking_videos_2024/Group 2 Day 4/Cam 11/N884A6_ch11_main_20240717193001_20240717200001.mp4,-9223372036854775808,-9223372036854775808,-9223372036854775808,26976,14.993663709731209,949480513,256,3,True
/lustre/isaac24/scratch/eopoku2/downey_cross_sucking_videos_2024/Group 2 Day 4/Cam 11/N884A6_ch11_main_20240717200001_20240717203001.mp4,-9223372036854775808,-9223372036854775808,-9223372036854775808,26992,14.993722989412404,949278785,256,3,True
/lustre/isaac24/scratch/eopoku2/downey_cross_sucking_videos_2024/Group 2 Day 4/Cam 11/N884A6_ch11_main_20240717203001_20240717210001.mp4,-9223372036854775808,-9223372036854775808,-9223372036854775808,26994,14.99366793308005,949501940,256,3,True
/lustre/isaac24/scratch/eopoku2/downey_cross_sucking_videos_2024/Group 2 Day 4/Cam 11/N884A6_ch11_main_20240717210001_20240717213001.mp4,-9223372036854775808,-9223372036854775808,-9223372036854775808,26992,14.993806278156438,949255915,256,3,True
/lustre/isaac24/scratch/eopoku2/downey_cross_sucking_videos_2024/Group 2 Day 4/Cam 11/N884A6_ch11_main_20240717213001_20240717220001.mp4,-9223372036854775808,-9223372036854775808,-9223372036854775808,26977,14.990220266275475,949068828,256,3,True
/lustre/isaac24/scratch/eopoku2/downey_cross_sucking_videos_2024/Group 2 Day 4/Cam 11/N884A6_ch11_main_20240717220001_20240717223001.mp4,-9223372036854775808,-9223372036854775808,-9223372036854775808,26993,14.990697803570932,949378454,256,3,True
/lustre/isaac24/scratch/eopoku2/downey_cross_sucking_videos_2024/Group 2 Day 4/Cam 11/N884A6_ch11_main_20240717223001_20240717230001.mp4,-9223372036854775808,-9223372036854775808,-9223372036854775808,26994,14.99366793308005,949527263,256,3,True
/lustre/isaac24/scratch/eopoku2/downey_cross_sucking_videos_2024/Group 2 Day 4/Cam 11/N884A6_ch11_main_20240717230001_20240717233001.mp4,-9223372036854775808,-9223372036854775808,-9223372036854775808,26993,14.993528892246337,949227526,256,3,True
/lustre/isaac24/scratch/eopoku2/downey_cross_sucking_videos_2024/Group 2 Day 4/Cam 11/N884A6_ch11_main_20240717233001_20240718000000.mp4,-9223372036854775808,-9223372036854775808,-9223372036854775808,26960,14.99352097480132,948323875,256,3,True
/lustre/isaac24/scratch/eopoku2/downey_cross_sucking_videos_2024/Group 2 Day 4/Cam 11/N884A6_ch11_main_20240718000000_20240718003001.mp4,-9223372036854775808,-9223372036854775808,-9223372036854775808,27008,14.993948680368186,950221496,256,3,True
/lustre/isaac24/scratch/eopoku2/downey_cross_sucking_videos_2024/Group 2 Day 4/Cam 11/N884A6_ch11_main_20240718003001_20240718010001.mp4,-9223372036854775808,-9223372036854775808,-9223372036854775808,26994,14.99083689676237,949489693,256,3,True
/lustre/isaac24/scratch/eopoku2/downey_cross_sucking_videos_2024/Group 2 Day 4/Cam 11/N884A6_ch11_main_20240718010001_20240718013001.mp4,-9223372036854775808,-9223372036854775808,-9223372036854775808,26992,14.99072521076542,949457892,256,3,True
/lustre/isaac24/scratch/eopoku2/downey_cross_sucking_videos_2024/Group 2 Day 4/Cam 11/N884A6_ch11_main_20240718013001_20240718020001.mp4,-9223372036854775808,-9223372036854775808,-9223372036854775808,26979,14.993581086713682,949190552,256,3,True
/lustre/isaac24/scratch/eopoku2/downey_cross_sucking_videos_2024/Group 2 Day 4/Cam 11/N884A6_ch11_main_20240718020001_20240718023001.mp4,-9223372036854775808,-9223372036854775808,-9223372036854775808,26991,14.993583939294622,949446049,256,3,True
/lustre/isaac24/scratch/eopoku2/downey_cross_sucking_videos_2024/Group 2 Day 4/Cam 11/N884A6_ch11_main_20240718023001_20240718030001.mp4,-9223372036854775808,-9223372036854775808,-9223372036854775808,26993,14.993945319009477,949180862,256,3,True
/lustre/isaac24/scratch/eopoku2/downey_cross_sucking_videos_2024/Group 2 Day 4/Cam 11/N884A6_ch11_main_20240718030001_20240718033001.mp4,-9223372036854775808,-9223372036854775808,-9223372036854775808,26993,14.993945319009477,949242029,256,3,True
/lustre/isaac24/scratch/eopoku2/downey_cross_sucking_videos_2024/Group 2 Day 4/Cam 11/N884A6_ch11_main_20240718033001_20240718040001.mp4,-9223372036854775808,-9223372036854775808,-9223372036854775808,26994,14.991169904368398,950005902,256,3,True
/lustre/isaac24/scratch/eopoku2/downey_cross_sucking_videos_2024/Group 2 Day 4/Cam 11/N884A6_ch11_main_20240718040001_20240718043001.mp4,-9223372036854775808,-9223372036854775808,-9223372036854775808,26976,14.990414270234226,949139274,256,3,True
/lustre/isaac24/scratch/eopoku2/downey_cross_sucking_videos_2024/Group 2 Day 4/Cam 11/N884A6_ch11_main_20240718043001_20240718050000.mp4,-9223372036854775808,-9223372036854775808,-9223372036854775808,26977,14.993719500672514,949071818,256,3,True
/lustre/isaac24/scratch/eopoku2/downey_cross_sucking_videos_2024/Group 2 Day 4/Cam 11/._N884A6_ch11_main_20240717100001_20240717103001.mp4,-1,-1,-1,-1,-1.0,4096,256,3,False
/lustre/isaac24/scratch/eopoku2/downey_cross_sucking_videos_2024/Group 2 Day 4/Cam 11/._N884A6_ch11_main_20240717060001_20240717063001.mp4,-1,-1,-1,-1,-1.0,4096,256,3,False
/lustre/isaac24/scratch/eopoku2/downey_cross_sucking_videos_2024/Group 2 Day 4/Cam 11/._N884A6_ch11_main_20240717073001_20240717080001.mp4,-1,-1,-1,-1,-1.0,4096,256,3,False
/lustre/isaac24/scratch/eopoku2/downey_cross_sucking_videos_2024/Group 2 Day 4/Cam 11/._N884A6_ch11_main_20240717163001_20240717170001.mp4,-1,-1,-1,-1,-1.0,4096,256,3,False
/lustre/isaac24/scratch/eopoku2/downey_cross_sucking_videos_2024/Group 2 Day 4/Cam 11/._N884A6_ch11_main_20240717173001_20240717180001.mp4,-1,-1,-1,-1,-1.0,4096,256,3,False
/lustre/isaac24/scratch/eopoku2/downey_cross_sucking_videos_2024/Group 2 Day 4/Cam 12/N884A6_ch12_main_20240717050002_20240717053002.mp4,-9223372036854775808,-9223372036854775808,-9223372036854775808,26992,14.993389843689243,949269159,256,3,True
/lustre/isaac24/scratch/eopoku2/downey_cross_sucking_videos_2024/Group 2 Day 4/Cam 12/N884A6_ch12_main_20240717053002_20240717060002.mp4,-9223372036854775808,-9223372036854775808,-9223372036854775808,26993,14.993612175748488,949523850,256,3,True
/lustre/isaac24/scratch/eopoku2/downey_cross_sucking_videos_2024/Group 2 Day 4/Cam 12/N884A6_ch12_main_20240717060002_20240717063002.mp4,-9223372036854775808,-9223372036854775808,-9223372036854775808,26991,14.992834368369014,949204974,256,3,True
/lustre/isaac24/scratch/eopoku2/downey_cross_sucking_videos_2024/Group 2 Day 4/Cam 12/N884A6_ch12_main_20240717063002_20240717070002.mp4,-9223372036854775808,-9223372036854775808,-9223372036854775808,26977,14.99013697107771,949168752,256,3,True
/lustre/isaac24/scratch/eopoku2/downey_cross_sucking_videos_2024/Group 2 Day 4/Cam 12/N884A6_ch12_main_20240717070002_20240717073002.mp4,-9223372036854775808,-9223372036854775808,-9223372036854775808,26993,14.989615611013006,948830862,256,3,True
/lustre/isaac24/scratch/eopoku2/downey_cross_sucking_videos_2024/Group 2 Day 4/Cam 12/N884A6_ch12_main_20240717073002_20240717080002.mp4,-9223372036854775808,-9223372036854775808,-9223372036854775808,26993,14.993112488613388,948775267,256,3,True
/lustre/isaac24/scratch/eopoku2/downey_cross_sucking_videos_2024/Group 2 Day 4/Cam 12/N884A6_ch12_main_20240717080002_20240717083002.mp4,-9223372036854775808,-9223372036854775808,-9223372036854775808,26995,14.993806966191034,949060326,256,3,True
/lustre/isaac24/scratch/eopoku2/downey_cross_sucking_videos_2024/Group 2 Day 4/Cam 12/N884A6_ch12_main_20240717083002_20240717090002.mp4,-9223372036854775808,-9223372036854775808,-9223372036854775808,26978,14.994025288314576,948921535,256,3,True
/lustre/isaac24/scratch/eopoku2/downey_cross_sucking_videos_2024/Group 2 Day 4/Cam 12/N884A6_ch12_main_20240717090002_20240717093002.mp4,-9223372036854775808,-9223372036854775808,-9223372036854775808,26991,14.99333407399178,948791311,256,3,True
/lustre/isaac24/scratch/eopoku2/downey_cross_sucking_videos_2024/Group 2 Day 4/Cam 12/N884A6_ch12_main_20240717093002_20240717100002.mp4,-9223372036854775808,-9223372036854775808,-9223372036854775808,26995,14.990143543326765,948436397,256,3,True
/lustre/isaac24/scratch/eopoku2/downey_cross_sucking_videos_2024/Group 2 Day 4/Cam 12/N884A6_ch12_main_20240717100002_20240717103002.mp4,-9223372036854775808,-9223372036854775808,-9223372036854775808,26990,14.99102982098522,948453286,256,3,True
/lustre/isaac24/scratch/eopoku2/downey_cross_sucking_videos_2024/Group 2 Day 4/Cam 12/N884A6_ch12_main_20240717103002_20240717110002.mp4,-9223372036854775808,-9223372036854775808,-9223372036854775808,26992,14.993806278156438,948354825,256,3,True
/lustre/isaac24/scratch/eopoku2/downey_cross_sucking_videos_2024/Group 2 Day 4/Cam 12/N884A6_ch12_main_20240717110002_20240717113002.mp4,-9223372036854775808,-9223372036854775808,-9223372036854775808,26979,14.993664414013873,948274990,256,3,True
/lustre/isaac24/scratch/eopoku2/downey_cross_sucking_videos_2024/Group 2 Day 4/Cam 12/N884A6_ch12_main_20240717113002_20240717120002.mp4,-9223372036854775808,-9223372036854775808,-9223372036854775808,26992,14.993389843689243,948278967,256,3,True
/lustre/isaac24/scratch/eopoku2/downey_cross_sucking_videos_2024/Group 2 Day 4/Cam 12/N884A6_ch12_main_20240717120002_20240717123002.mp4,-9223372036854775808,-9223372036854775808,-9223372036854775808,26993,14.993528892246337,948956386,256,3,True
/lustre/isaac24/scratch/eopoku2/downey_cross_sucking_videos_2024/Group 2 Day 4/Cam 12/N884A6_ch12_main_20240717123002_20240717130002.mp4,-9223372036854775808,-9223372036854775808,-9223372036854775808,26993,14.99028155717221,948761699,256,3,True
/lustre/isaac24/scratch/eopoku2/downey_cross_sucking_videos_2024/Group 2 Day 4/Cam 12/N884A6_ch12_main_20240717130002_20240717133002.mp4,-9223372036854775808,-9223372036854775808,-9223372036854775808,26976,14.990830786329536,948704325,256,3,True
/lustre/isaac24/scratch/eopoku2/downey_cross_sucking_videos_2024/Group 2 Day 4/Cam 12/N884A6_ch12_main_20240717133002_20240717140002.mp4,-9223372036854775808,-9223372036854775808,-9223372036854775808,26992,14.993806278156438,948695344,256,3,True
/lustre/isaac24/scratch/eopoku2/downey_cross_sucking_videos_2024/Group 2 Day 4/Cam 12/N884A6_ch12_main_20240717140002_20240717143002.mp4,-9223372036854775808,-9223372036854775808,-9223372036854775808,26992,14.993806278156438,948467476,256,3,True
/lustre/isaac24/scratch/eopoku2/downey_cross_sucking_videos_2024/Group 2 Day 4/Cam 12/N884A6_ch12_main_20240717143002_20240717150002.mp4,-9223372036854775808,-9223372036854775808,-9223372036854775808,26993,14.993945319009477,948192230,256,3,True
/lustre/isaac24/scratch/eopoku2/downey_cross_sucking_videos_2024/Group 2 Day 4/Cam 12/N884A6_ch12_main_20240717150002_20240717153002.mp4,-9223372036854775808,-9223372036854775808,-9223372036854775808,26535,14.9946599006572,934169891,256,3,True
/lustre/isaac24/scratch/eopoku2/downey_cross_sucking_videos_2024/Group 2 Day 4/Cam 12/N884A6_ch12_main_20240717153002_20240717160002.mp4,-9223372036854775808,-9223372036854775808,-9223372036854775808,26992,14.99105823808413,948059438,256,3,True
/lustre/isaac24/scratch/eopoku2/downey_cross_sucking_videos_2024/Group 2 Day 4/Cam 12/N884A6_ch12_main_20240717160002_20240717163002.mp4,-9223372036854775808,-9223372036854775808,-9223372036854775808,26993,14.99003182042838,948240285,256,3,True
/lustre/isaac24/scratch/eopoku2/downey_cross_sucking_videos_2024/Group 2 Day 4/Cam 12/N884A6_ch12_main_20240717163002_20240717170002.mp4,-9223372036854775808,-9223372036854775808,-9223372036854775808,26994,14.99366793308005,948384199,256,3,True
/lustre/isaac24/scratch/eopoku2/downey_cross_sucking_videos_2024/Group 2 Day 4/Cam 12/N884A6_ch12_main_20240717170002_20240717173002.mp4,-9223372036854775808,-9223372036854775808,-9223372036854775808,26991,14.993250787408137,949186640,256,3,True
/lustre/isaac24/scratch/eopoku2/downey_cross_sucking_videos_2024/Group 2 Day 4/Cam 12/N884A6_ch12_main_20240717173002_20240717180002.mp4,-9223372036854775808,-9223372036854775808,-9223372036854775808,26976,14.993663709731209,949338795,256,3,True
/lustre/isaac24/scratch/eopoku2/downey_cross_sucking_videos_2024/Group 2 Day 4/Cam 12/N884A6_ch12_main_20240717180002_20240717183002.mp4,-9223372036854775808,-9223372036854775808,-9223372036854775808,26992,14.993806278156438,949263759,256,3,True
/lustre/isaac24/scratch/eopoku2/downey_cross_sucking_videos_2024/Group 2 Day 4/Cam 12/N884A6_ch12_main_20240717183002_20240717190002.mp4,-9223372036854775808,-9223372036854775808,-9223372036854775808,26993,14.989865333888655,949392775,256,3,True
/lustre/isaac24/scratch/eopoku2/downey_cross_sucking_videos_2024/Group 2 Day 4/Cam 12/N884A6_ch12_main_20240717190002_20240717193002.mp4,-9223372036854775808,-9223372036854775808,-9223372036854775808,26992,14.990974979867262,949742161,256,3,True
/lustre/isaac24/scratch/eopoku2/downey_cross_sucking_videos_2024/Group 2 Day 4/Cam 12/N884A6_ch12_main_20240717193002_20240717200002.mp4,-9223372036854775808,-9223372036854775808,-9223372036854775808,26979,14.992914501653283,949433534,256,3,True
/lustre/isaac24/scratch/eopoku2/downey_cross_sucking_videos_2024/Group 2 Day 4/Cam 12/N884A6_ch12_main_20240717200002_20240717203002.mp4,-9223372036854775808,-9223372036854775808,-9223372036854775808,26993,14.993112488613388,949315465,256,3,True
/lustre/isaac24/scratch/eopoku2/downey_cross_sucking_videos_2024/Group 2 Day 4/Cam 12/N884A6_ch12_main_20240717203002_20240717210002.mp4,-9223372036854775808,-9223372036854775808,-9223372036854775808,26991,14.9925012497917,949505602,256,3,True
/lustre/isaac24/scratch/eopoku2/downey_cross_sucking_videos_2024/Group 2 Day 4/Cam 12/N884A6_ch12_main_20240717210002_20240717213002.mp4,-9223372036854775808,-9223372036854775808,-9223372036854775808,26993,14.993279047291066,949282107,256,3,True
/lustre/isaac24/scratch/eopoku2/downey_cross_sucking_videos_2024/Group 2 Day 4/Cam 12/N884A6_ch12_main_20240717213002_20240717220002.mp4,-9223372036854775808,-9223372036854775808,-9223372036854775808,26979,14.990998399715505,949242271,256,3,True
/lustre/isaac24/scratch/eopoku2/downey_cross_sucking_videos_2024/Group 2 Day 4/Cam 12/N884A6_ch12_main_20240717220002_20240717223002.mp4,-9223372036854775808,-9223372036854775808,-9223372036854775808,26991,14.991168923497328,949417829,256,3,True
/lustre/isaac24/scratch/eopoku2/downey_cross_sucking_videos_2024/Group 2 Day 4/Cam 12/N884A6_ch12_main_20240717223002_20240717230002.mp4,-9223372036854775808,-9223372036854775808,-9223372036854775808,26994,14.99366793308005,949495052,256,3,True
/lustre/isaac24/scratch/eopoku2/downey_cross_sucking_videos_2024/Group 2 Day 4/Cam 12/N884A6_ch12_main_20240717230002_20240717233002.mp4,-9223372036854775808,-9223372036854775808,-9223372036854775808,26991,14.993667229579591,949338515,256,3,True
/lustre/isaac24/scratch/eopoku2/downey_cross_sucking_videos_2024/Group 2 Day 4/Cam 12/N884A6_ch12_main_20240717233002_20240718000000.mp4,-9223372036854775808,-9223372036854775808,-9223372036854775808,26948,14.993100992566877,948196512,256,3,True
/lustre/isaac24/scratch/eopoku2/downey_cross_sucking_videos_2024/Group 2 Day 4/Cam 12/N884A6_ch12_main_20240718000000_20240718003002.mp4,-9223372036854775808,-9223372036854775808,-9223372036854775808,27023,14.99370245631946,950446523,256,3,True
/lustre/isaac24/scratch/eopoku2/downey_cross_sucking_videos_2024/Group 2 Day 4/Cam 12/N884A6_ch12_main_20240718003002_20240718010002.mp4,-9223372036854775808,-9223372036854775808,-9223372036854775808,26994,14.990004442470012,949527594,256,3,True
/lustre/isaac24/scratch/eopoku2/downey_cross_sucking_videos_2024/Group 2 Day 4/Cam 12/N884A6_ch12_main_20240718010002_20240718013002.mp4,-9223372036854775808,-9223372036854775808,-9223372036854775808,26992,14.990392198242828,949451032,256,3,True
/lustre/isaac24/scratch/eopoku2/downey_cross_sucking_videos_2024/Group 2 Day 4/Cam 12/N884A6_ch12_main_20240718013002_20240718020002.mp4,-9223372036854775808,-9223372036854775808,-9223372036854775808,26977,14.993802835688998,949304233,256,3,True
/lustre/isaac24/scratch/eopoku2/downey_cross_sucking_videos_2024/Group 2 Day 4/Cam 12/N884A6_ch12_main_20240718020002_20240718023002.mp4,-9223372036854775808,-9223372036854775808,-9223372036854775808,26994,14.99383449792817,949465870,256,3,True
/lustre/isaac24/scratch/eopoku2/downey_cross_sucking_videos_2024/Group 2 Day 4/Cam 12/N884A6_ch12_main_20240718023002_20240718030002.mp4,-9223372036854775808,-9223372036854775808,-9223372036854775808,26991,14.99333407399178,949340748,256,3,True
/lustre/isaac24/scratch/eopoku2/downey_cross_sucking_videos_2024/Group 2 Day 4/Cam 12/N884A6_ch12_main_20240718030002_20240718033002.mp4,-9223372036854775808,-9223372036854775808,-9223372036854775808,26991,14.993667229579591,949210459,256,3,True
/lustre/isaac24/scratch/eopoku2/downey_cross_sucking_videos_2024/Group 2 Day 4/Cam 12/N884A6_ch12_main_20240718033002_20240718040002.mp4,-9223372036854775808,-9223372036854775808,-9223372036854775808,26993,14.9905313022375,950099620,256,3,True
/lustre/isaac24/scratch/eopoku2/downey_cross_sucking_videos_2024/Group 2 Day 4/Cam 12/N884A6_ch12_main_20240718040002_20240718043002.mp4,-9223372036854775808,-9223372036854775808,-9223372036854775808,26979,14.991414901952067,950609818,256,3,True
/lustre/isaac24/scratch/eopoku2/downey_cross_sucking_videos_2024/Group 2 Day 4/Cam 12/N884A6_ch12_main_20240718043002_20240718050000.mp4,-9223372036854775808,-9223372036854775808,-9223372036854775808,26962,14.993799389392786,948233691,256,3,True
/lustre/isaac24/scratch/eopoku2/downey_cross_sucking_videos_2024/Group 2 Day 4/Cam 12/._N884A6_ch12_main_20240717070002_20240717073002.mp4,-1,-1,-1,-1,-1.0,4096,256,3,False
/lustre/isaac24/scratch/eopoku2/downey_cross_sucking_videos_2024/Group 2 Day 4/Cam 12/._N884A6_ch12_main_20240717060002_20240717063002.mp4,-1,-1,-1,-1,-1.0,4096,256,3,False
/lustre/isaac24/scratch/eopoku2/downey_cross_sucking_videos_2024/Group 2 Day 4/Cam 12/._N884A6_ch12_main_20240717073002_20240717080002.mp4,-1,-1,-1,-1,-1.0,4096,256,3,False
/lustre/isaac24/scratch/eopoku2/downey_cross_sucking_videos_2024/Group 3 Day 4/Cam 16/N884A6_ch16_main_20240805043000_20240805043003.mp4,-9223372036854775808,-9223372036854775808,-9223372036854775808,38,15.261044176706829,1850123,256,3,True
/lustre/isaac24/scratch/eopoku2/downey_cross_sucking_videos_2024/Group 3 Day 4/Cam 16/N884A6_ch16_main_20240805043003_20240805050001.mp4,-9223372036854775808,-9223372036854775808,-9223372036854775808,26960,14.988936208066004,948363800,256,3,True
/lustre/isaac24/scratch/eopoku2/downey_cross_sucking_videos_2024/Group 3 Day 4/Cam 16/N884A6_ch16_main_20240805050001_20240805053004.mp4,-9223372036854775808,-9223372036854775808,-9223372036854775808,27038,14.99353965762958,951381924,256,3,True
/lustre/isaac24/scratch/eopoku2/downey_cross_sucking_videos_2024/Group 3 Day 4/Cam 16/N884A6_ch16_main_20240805053004_20240805060004.mp4,-9223372036854775808,-9223372036854775808,-9223372036854775808,26993,14.993612175748488,949467388,256,3,True
/lustre/isaac24/scratch/eopoku2/downey_cross_sucking_videos_2024/Group 3 Day 4/Cam 16/N884A6_ch16_main_20240805060004_20240805063003.mp4,-9223372036854775808,-9223372036854775808,-9223372036854775808,26962,14.99296561771886,948441619,256,3,True
/lustre/isaac24/scratch/eopoku2/downey_cross_sucking_videos_2024/Group 3 Day 4/Cam 16/N884A6_ch16_main_20240805063003_20240805070004.mp4,-9223372036854775808,-9223372036854775808,-9223372036854775808,27009,14.993671448239107,950149752,256,3,True
/lustre/isaac24/scratch/eopoku2/downey_cross_sucking_videos_2024/Group 3 Day 4/Cam 16/N884A6_ch16_main_20240805070004_20240805073004.mp4,-9223372036854775808,-9223372036854775808,-9223372036854775808,26992,14.991807603654642,949908585,256,3,True
/lustre/isaac24/scratch/eopoku2/downey_cross_sucking_videos_2024/Group 3 Day 4/Cam 16/N884A6_ch16_main_20240805073004_20240805080003.mp4,-9223372036854775808,-9223372036854775808,-9223372036854775808,26976,14.988581874350611,949386188,256,3,True
/lustre/isaac24/scratch/eopoku2/downey_cross_sucking_videos_2024/Group 3 Day 4/Cam 16/N884A6_ch16_main_20240805080003_20240805083004.mp4,-9223372036854775808,-9223372036854775808,-9223372036854775808,26995,14.992974212861911,949375647,256,3,True
/lustre/isaac24/scratch/eopoku2/downey_cross_sucking_videos_2024/Group 3 Day 4/Cam 16/N884A6_ch16_main_20240805083004_20240805090004.mp4,-9223372036854775808,-9223372036854775808,-9223372036854775808,26993,14.993612175748488,949473138,256,3,True
/lustre/isaac24/scratch/eopoku2/downey_cross_sucking_videos_2024/Group 3 Day 4/Cam 16/N884A6_ch16_main_20240805090004_20240805093003.mp4,-9223372036854775808,-9223372036854775808,-9223372036854775808,26977,14.993386169869837,949326207,256,3,True
/lustre/isaac24/scratch/eopoku2/downey_cross_sucking_videos_2024/Group 3 Day 4/Cam 16/N884A6_ch16_main_20240805093003_20240805100003.mp4,-9223372036854775808,-9223372036854775808,-9223372036854775808,26993,14.993528892246337,949578624,256,3,True
/lustre/isaac24/scratch/eopoku2/downey_cross_sucking_videos_2024/Group 3 Day 4/Cam 16/N884A6_ch16_main_20240805100003_20240805103003.mp4,-9223372036854775808,-9223372036854775808,-9223372036854775808,26978,14.992692049060526,949282739,256,3,True
/lustre/isaac24/scratch/eopoku2/downey_cross_sucking_videos_2024/Group 3 Day 4/Cam 16/N884A6_ch16_main_20240805103003_20240805110003.mp4,-9223372036854775808,-9223372036854775808,-9223372036854775808,26992,14.989226770918943,949286589,256,3,True
/lustre/isaac24/scratch/eopoku2/downey_cross_sucking_videos_2024/Group 3 Day 4/Cam 16/N884A6_ch16_main_20240805110003_20240805113003.mp4,-9223372036854775808,-9223372036854775808,-9223372036854775808,26993,14.993945319009477,949536304,256,3,True
/lustre/isaac24/scratch/eopoku2/downey_cross_sucking_videos_2024/Group 3 Day 4/Cam 16/N884A6_ch16_main_20240805113003_20240805120003.mp4,-9223372036854775808,-9223372036854775808,-9223372036854775808,26993,14.993945319009477,949500246,256,3,True
/lustre/isaac24/scratch/eopoku2/downey_cross_sucking_videos_2024/Group 3 Day 4/Cam 16/N884A6_ch16_main_20240805120003_20240805123003.mp4,-9223372036854775808,-9223372036854775808,-9223372036854775808,26976,14.993247036199222,949414376,256,3,True
/lustre/isaac24/scratch/eopoku2/downey_cross_sucking_videos_2024/Group 3 Day 4/Cam 16/N884A6_ch16_main_20240805123003_20240805130003.mp4,-9223372036854775808,-9223372036854775808,-9223372036854775808,26993,14.994445061659816,949328392,256,3,True
/lustre/isaac24/scratch/eopoku2/downey_cross_sucking_videos_2024/Group 3 Day 4/Cam 16/N884A6_ch16_main_20240805130003_20240805133003.mp4,-9223372036854775808,-9223372036854775808,-9223372036854775808,26992,14.993056712770096,949482608,256,3,True
/lustre/isaac24/scratch/eopoku2/downey_cross_sucking_videos_2024/Group 3 Day 4/Cam 16/N884A6_ch16_main_20240805133003_20240805140003.mp4,-9223372036854775808,-9223372036854775808,-9223372036854775808,26995,14.98814606710381,949406747,256,3,True
/lustre/isaac24/scratch/eopoku2/downey_cross_sucking_videos_2024/Group 3 Day 4/Cam 16/N884A6_ch16_main_20240805140003_20240805143003.mp4,-9223372036854775808,-9223372036854775808,-9223372036854775808,26990,14.9935281732783,949431205,256,3,True
/lustre/isaac24/scratch/eopoku2/downey_cross_sucking_videos_2024/Group 3 Day 4/Cam 16/N884A6_ch16_main_20240805143003_20240805150003.mp4,-9223372036854775808,-9223372036854775808,-9223372036854775808,26979,14.995164463811292,949315198,256,3,True
/lustre/isaac24/scratch/eopoku2/downey_cross_sucking_videos_2024/Group 3 Day 4/Cam 16/N884A6_ch16_main_20240805150003_20240805153003.mp4,-9223372036854775808,-9223372036854775808,-9223372036854775808,26992,14.993639701593684,949428992,256,3,True
/lustre/isaac24/scratch/eopoku2/downey_cross_sucking_videos_2024/Group 3 Day 4/Cam 16/N884A6_ch16_main_20240805153003_20240805160003.mp4,-9223372036854775808,-9223372036854775808,-9223372036854775808,26992,14.993806278156438,949509593,256,3,True
/lustre/isaac24/scratch/eopoku2/downey_cross_sucking_videos_2024/Group 3 Day 4/Cam 16/N884A6_ch16_main_20240805160003_20240805163003.mp4,-9223372036854775808,-9223372036854775808,-9223372036854775808,26995,14.99239134056804,950133248,256,3,True
/lustre/isaac24/scratch/eopoku2/downey_cross_sucking_videos_2024/Group 3 Day 4/Cam 16/N884A6_ch16_main_20240805163003_20240805170003.mp4,-9223372036854775808,-9223372036854775808,-9223372036854775808,26977,14.9888876541838,949342376,256,3,True
/lustre/isaac24/scratch/eopoku2/downey_cross_sucking_videos_2024/Group 3 Day 4/Cam 16/N884A6_ch16_main_20240805170003_20240805173003.mp4,-9223372036854775808,-9223372036854775808,-9223372036854775808,26991,14.994083694885312,949400835,256,3,True
/lustre/isaac24/scratch/eopoku2/downey_cross_sucking_videos_2024/Group 3 Day 4/Cam 16/N884A6_ch16_main_20240805173003_20240805180003.mp4,-9223372036854775808,-9223372036854775808,-9223372036854775808,26996,14.994945399202372,949312208,256,3,True
/lustre/isaac24/scratch/eopoku2/downey_cross_sucking_videos_2024/Group 3 Day 4/Cam 16/N884A6_ch16_main_20240805180003_20240805183003.mp4,-9223372036854775808,-9223372036854775808,-9223372036854775808,26990,14.993944646289568,949381443,256,3,True
/lustre/isaac24/scratch/eopoku2/downey_cross_sucking_videos_2024/Group 3 Day 4/Cam 16/N884A6_ch16_main_20240805183003_20240805190003.mp4,-9223372036854775808,-9223372036854775808,-9223372036854775808,26995,14.99339057796341,949338441,256,3,True
/lustre/isaac24/scratch/eopoku2/downey_cross_sucking_videos_2024/Group 3 Day 4/Cam 16/N884A6_ch16_main_20240805190003_20240805193003.mp4,-9223372036854775808,-9223372036854775808,-9223372036854775808,26976,14.993663709731209,949308332,256,3,True
/lustre/isaac24/scratch/eopoku2/downey_cross_sucking_videos_2024/Group 3 Day 4/Cam 16/N884A6_ch16_main_20240805193003_20240805200001.mp4,-9223372036854775808,-9223372036854775808,-9223372036854775808,26965,14.988299510302545,948370109,256,3,True
/lustre/isaac24/scratch/eopoku2/downey_cross_sucking_videos_2024/Group 3 Day 4/Cam 16/N884A6_ch16_main_20240805200001_20240805203001.mp4,-9223372036854775808,-9223372036854775808,-9223372036854775808,26989,14.993472403544343,949428238,256,3,True
/lustre/isaac24/scratch/eopoku2/downey_cross_sucking_videos_2024/Group 3 Day 4/Cam 16/N884A6_ch16_main_20240805203001_20240805210001.mp4,-9223372036854775808,-9223372036854775808,-9223372036854775808,26994,14.99366793308005,949647571,256,3,True
/lustre/isaac24/scratch/eopoku2/downey_cross_sucking_videos_2024/Group 3 Day 4/Cam 16/N884A6_ch16_main_20240805210001_20240805213001.mp4,-9223372036854775808,-9223372036854775808,-9223372036854775808,26977,14.993386169869837,949215600,256,3,True
/lustre/isaac24/scratch/eopoku2/downey_cross_sucking_videos_2024/Group 3 Day 4/Cam 16/N884A6_ch16_main_20240805213001_20240805220001.mp4,-9223372036854775808,-9223372036854775808,-9223372036854775808,26994,14.99375121504152,949502298,256,3,True
/lustre/isaac24/scratch/eopoku2/downey_cross_sucking_videos_2024/Group 3 Day 4/Cam 16/N884A6_ch16_main_20240805220001_20240805223001.mp4,-9223372036854775808,-9223372036854775808,-9223372036854775808,26989,14.992139805911531,949388926,256,3,True
/lustre/isaac24/scratch/eopoku2/downey_cross_sucking_videos_2024/Group 3 Day 4/Cam 16/N884A6_ch16_main_20240805223001_20240805230001.mp4,-9223372036854775808,-9223372036854775808,-9223372036854775808,26996,14.989450305385896,950158184,256,3,True
/lustre/isaac24/scratch/eopoku2/downey_cross_sucking_videos_2024/Group 3 Day 4/Cam 16/N884A6_ch16_main_20240805230001_20240805233001.mp4,-9223372036854775808,-9223372036854775808,-9223372036854775808,26977,14.993802835688998,949043134,256,3,True
/lustre/isaac24/scratch/eopoku2/downey_cross_sucking_videos_2024/Group 3 Day 4/Cam 16/N884A6_ch16_main_20240805233001_20240806000000.mp4,-9223372036854775808,-9223372036854775808,-9223372036854775808,26978,14.993108660857194,949502033,256,3,True
/lustre/isaac24/scratch/eopoku2/downey_cross_sucking_videos_2024/Group 3 Day 4/Cam 16/N884A6_ch16_main_20240806000000_20240806003001.mp4,-9223372036854775808,-9223372036854775808,-9223372036854775808,27007,14.993393513429488,950263638,256,3,True
/lustre/isaac24/scratch/eopoku2/downey_cross_sucking_videos_2024/Group 3 Day 4/Cam 16/N884A6_ch16_main_20240806003001_20240806010001.mp4,-9223372036854775808,-9223372036854775808,-9223372036854775808,26994,14.99366793308005,949453525,256,3,True
/lustre/isaac24/scratch/eopoku2/downey_cross_sucking_videos_2024/Group 3 Day 4/Cam 16/N884A6_ch16_main_20240806010001_20240806013002.mp4,-9223372036854775808,-9223372036854775808,-9223372036854775808,27006,14.992338951435611,950384064,256,3,True
/lustre/isaac24/scratch/eopoku2/downey_cross_sucking_videos_2024/Group 3 Day 4/Cam 16/N884A6_ch16_main_20240806013002_20240806020002.mp4,-9223372036854775808,-9223372036854775808,-9223372036854775808,26978,14.988194116503236,949293942,256,3,True
/lustre/isaac24/scratch/eopoku2/downey_cross_sucking_videos_2024/Group 3 Day 4/Cam 16/N884A6_ch16_main_20240806020002_20240806023001.mp4,-9223372036854775808,-9223372036854775808,-9223372036854775808,26978,14.993525295807837,949261838,256,3,True
/lustre/isaac24/scratch/eopoku2/downey_cross_sucking_videos_2024/Group 3 Day 4/Cam 16/N884A6_ch16_main_20240806023001_20240806030002.mp4,-9223372036854775808,-9223372036854775808,-9223372036854775808,27006,14.99283834649079,950293974,256,3,True
/lustre/isaac24/scratch/eopoku2/downey_cross_sucking_videos_2024/Group 3 Day 4/Cam 16/N884A6_ch16_main_20240806030002_20240806033002.mp4,-9223372036854775808,-9223372036854775808,-9223372036854775808,26995,14.993890246611864,949501858,256,3,True
/lustre/isaac24/scratch/eopoku2/downey_cross_sucking_videos_2024/Group 3 Day 4/Cam 16/N884A6_ch16_main_20240806033002_20240806040001.mp4,-9223372036854775808,-9223372036854775808,-9223372036854775808,26962,14.993799389392786,948466132,256,3,True
/lustre/isaac24/scratch/eopoku2/downey_cross_sucking_videos_2024/Group 3 Day 4/Cam 16/N884A6_ch16_main_20240806040001_20240806043002.mp4,-9223372036854775808,-9223372036854775808,-9223372036854775808,27006,14.992671877775804,950324830,256,3,True
/lustre/isaac24/scratch/eopoku2/downey_cross_sucking_videos_2024/Group 3 Day 4/Cam 16/N884A6_ch16_main_20240806043002_20240806050000.mp4,-9223372036854775808,-9223372036854775808,-9223372036854775808,26963,14.988437506948614,948320152,256,3,True
/lustre/isaac24/scratch/eopoku2/downey_cross_sucking_videos_2024/Group 3 Day 4/Cam 16/._N884A6_ch16_main_20240805090004_20240805093003.mp4,-1,-1,-1,-1,-1.0,4096,256,3,False
/lustre/isaac24/scratch/eopoku2/downey_cross_sucking_videos_2024/Group 3 Day 4/Cam 16/._N884A6_ch16_main_20240805060004_20240805063003.mp4,-1,-1,-1,-1,-1.0,4096,256,3,False
/lustre/isaac24/scratch/eopoku2/downey_cross_sucking_videos_2024/Group 3 Day 4/Cam 16/._N884A6_ch16_main_20240805150003_20240805153003.mp4,-1,-1,-1,-1,-1.0,4096,256,3,False
/lustre/isaac24/scratch/eopoku2/downey_cross_sucking_videos_2024/Group 3 Day 4/Cam 8/N884A6_ch8_main_20240805043000_20240805050000.mp4,-9223372036854775808,-9223372036854775808,-9223372036854775808,26993,14.988450347600116,949449809,256,3,True
/lustre/isaac24/scratch/eopoku2/downey_cross_sucking_videos_2024/Group 3 Day 4/Cam 8/N884A6_ch8_main_20240805050000_20240805053000.mp4,-9223372036854775808,-9223372036854775808,-9223372036854775808,26994,14.99366793308005,949433332,256,3,True
/lustre/isaac24/scratch/eopoku2/downey_cross_sucking_videos_2024/Group 3 Day 4/Cam 8/N884A6_ch8_main_20240805053000_20240805060000.mp4,-9223372036854775808,-9223372036854775808,-9223372036854775808,26993,14.993528892246337,949539665,256,3,True
/lustre/isaac24/scratch/eopoku2/downey_cross_sucking_videos_2024/Group 3 Day 4/Cam 8/N884A6_ch8_main_20240805060000_20240805063000.mp4,-9223372036854775808,-9223372036854775808,-9223372036854775808,26978,14.993525295807837,949250014,256,3,True
/lustre/isaac24/scratch/eopoku2/downey_cross_sucking_videos_2024/Group 3 Day 4/Cam 8/N884A6_ch8_main_20240805063000_20240805070000.mp4,-9223372036854775808,-9223372036854775808,-9223372036854775808,26992,14.993806278156438,949279458,256,3,True
/lustre/isaac24/scratch/eopoku2/downey_cross_sucking_videos_2024/Group 3 Day 4/Cam 8/N884A6_ch8_main_20240805070000_20240805073000.mp4,-9223372036854775808,-9223372036854775808,-9223372036854775808,26991,14.992334696054035,949110178,256,3,True
/lustre/isaac24/scratch/eopoku2/downey_cross_sucking_videos_2024/Group 3 Day 4/Cam 8/N884A6_ch8_main_20240805073000_20240805080000.mp4,-9223372036854775808,-9223372036854775808,-9223372036854775808,26994,14.98817336842456,949322490,256,3,True
/lustre/isaac24/scratch/eopoku2/downey_cross_sucking_videos_2024/Group 3 Day 4/Cam 8/N884A6_ch8_main_20240805080000_20240805083000.mp4,-9223372036854775808,-9223372036854775808,-9223372036854775808,26979,14.9931644641051,949184610,256,3,True
/lustre/isaac24/scratch/eopoku2/downey_cross_sucking_videos_2024/Group 3 Day 4/Cam 8/N884A6_ch8_main_20240805083000_20240805090000.mp4,-9223372036854775808,-9223372036854775808,-9223372036854775808,26990,14.993444881452348,949200123,256,3,True
/lustre/isaac24/scratch/eopoku2/downey_cross_sucking_videos_2024/Group 3 Day 4/Cam 8/N884A6_ch8_main_20240805090000_20240805093000.mp4,-9223372036854775808,-9223372036854775808,-9223372036854775808,26995,14.994306662593385,949380769,256,3,True
/lustre/isaac24/scratch/eopoku2/downey_cross_sucking_videos_2024/Group 3 Day 4/Cam 8/N884A6_ch8_main_20240805093000_20240805100000.mp4,-9223372036854775808,-9223372036854775808,-9223372036854775808,26993,14.993778745528472,949314239,256,3,True
/lustre/isaac24/scratch/eopoku2/downey_cross_sucking_videos_2024/Group 3 Day 4/Cam 8/N884A6_ch8_main_20240805100000_20240805103000.mp4,-9223372036854775808,-9223372036854775808,-9223372036854775808,26974,14.99171881773618,949218201,256,3,True
/lustre/isaac24/scratch/eopoku2/downey_cross_sucking_videos_2024/Group 3 Day 4/Cam 8/N884A6_ch8_main_20240805103000_20240805110000.mp4,-9223372036854775808,-9223372036854775808,-9223372036854775808,26995,14.989061510955146,949296134,256,3,True
/lustre/isaac24/scratch/eopoku2/downey_cross_sucking_videos_2024/Group 3 Day 4/Cam 8/N884A6_ch8_main_20240805110000_20240805113000.mp4,-9223372036854775808,-9223372036854775808,-9223372036854775808,26994,14.994750670747626,949331716,256,3,True
/lustre/isaac24/scratch/eopoku2/downey_cross_sucking_videos_2024/Group 3 Day 4/Cam 8/N884A6_ch8_main_20240805113000_20240805120000.mp4,-9223372036854775808,-9223372036854775808,-9223372036854775808,26993,14.99386203180634,949233544,256,3,True
/lustre/isaac24/scratch/eopoku2/downey_cross_sucking_videos_2024/Group 3 Day 4/Cam 8/N884A6_ch8_main_20240805120000_20240805123000.mp4,-9223372036854775808,-9223372036854775808,-9223372036854775808,26978,14.994191959893955,949200118,256,3,True
/lustre/isaac24/scratch/eopoku2/downey_cross_sucking_videos_2024/Group 3 Day 4/Cam 8/N884A6_ch8_main_20240805123000_20240805130000.mp4,-9223372036854775808,-9223372036854775808,-9223372036854775808,26991,14.994000399973334,949281884,256,3,True
/lustre/isaac24/scratch/eopoku2/downey_cross_sucking_videos_2024/Group 3 Day 4/Cam 8/N884A6_ch8_main_20240805130000_20240805133000.mp4,-9223372036854775808,-9223372036854775808,-9223372036854775808,26994,14.993334814485667,949841256,256,3,True
/lustre/isaac24/scratch/eopoku2/downey_cross_sucking_videos_2024/Group 3 Day 4/Cam 8/N884A6_ch8_main_20240805133000_20240805140000.mp4,-9223372036854775808,-9223372036854775808,-9223372036854775808,26994,14.989088849526071,949199811,256,3,True
/lustre/isaac24/scratch/eopoku2/downey_cross_sucking_videos_2024/Group 3 Day 4/Cam 8/N884A6_ch8_main_20240805140000_20240805143000.mp4,-9223372036854775808,-9223372036854775808,-9223372036854775808,26978,14.99469199686522,949134468,256,3,True
/lustre/isaac24/scratch/eopoku2/downey_cross_sucking_videos_2024/Group 3 Day 4/Cam 8/N884A6_ch8_main_20240805143000_20240805150000.mp4,-9223372036854775808,-9223372036854775808,-9223372036854775808,26994,14.994084352139351,949188318,256,3,True
/lustre/isaac24/scratch/eopoku2/downey_cross_sucking_videos_2024/Group 3 Day 4/Cam 8/N884A6_ch8_main_20240805150000_20240805153000.mp4,-9223372036854775808,-9223372036854775808,-9223372036854775808,26990,14.993444881452348,949090387,256,3,True
/lustre/isaac24/scratch/eopoku2/downey_cross_sucking_videos_2024/Group 3 Day 4/Cam 8/N884A6_ch8_main_20240805153000_20240805160000.mp4,-9223372036854775808,-9223372036854775808,-9223372036854775808,26994,14.995167149951673,949320153,256,3,True
/lustre/isaac24/scratch/eopoku2/downey_cross_sucking_videos_2024/Group 3 Day 4/Cam 8/N884A6_ch8_main_20240805160000_20240805163000.mp4,-9223372036854775808,-9223372036854775808,-9223372036854775808,26973,14.992246252355304,949020936,256,3,True
/lustre/isaac24/scratch/eopoku2/downey_cross_sucking_videos_2024/Group 3 Day 4/Cam 8/N884A6_ch8_main_20240805163000_20240805170000.mp4,-9223372036854775808,-9223372036854775808,-9223372036854775808,26998,14.989728499250456,950061104,256,3,True
/lustre/isaac24/scratch/eopoku2/downey_cross_sucking_videos_2024/Group 3 Day 4/Cam 8/N884A6_ch8_main_20240805170000_20240805173000.mp4,-9223372036854775808,-9223372036854775808,-9223372036854775808,26994,14.99400106647707,949334125,256,3,True
/lustre/isaac24/scratch/eopoku2/downey_cross_sucking_videos_2024/Group 3 Day 4/Cam 8/N884A6_ch8_main_20240805173000_20240805180000.mp4,-9223372036854775808,-9223372036854775808,-9223372036854775808,26994,14.993917781740016,949071673,256,3,True
/lustre/isaac24/scratch/eopoku2/downey_cross_sucking_videos_2024/Group 3 Day 4/Cam 8/N884A6_ch8_main_20240805180000_20240805183000.mp4,-9223372036854775808,-9223372036854775808,-9223372036854775808,26994,14.99400106647707,949074011,256,3,True
/lustre/isaac24/scratch/eopoku2/downey_cross_sucking_videos_2024/Group 3 Day 4/Cam 8/N884A6_ch8_main_20240805183000_20240805190000.mp4,-9223372036854775808,-9223372036854775808,-9223372036854775808,26978,14.99460865505397,949099341,256,3,True
/lustre/isaac24/scratch/eopoku2/downey_cross_sucking_videos_2024/Group 3 Day 4/Cam 8/N884A6_ch8_main_20240805190000_20240805193000.mp4,-9223372036854775808,-9223372036854775808,-9223372036854775808,26991,14.992084872385924,949094468,256,3,True
/lustre/isaac24/scratch/eopoku2/downey_cross_sucking_videos_2024/Group 3 Day 4/Cam 8/N884A6_ch8_main_20240805193000_20240805200000.mp4,-9223372036854775808,-9223372036854775808,-9223372036854775808,26996,14.989200624087328,949481013,256,3,True
/lustre/isaac24/scratch/eopoku2/downey_cross_sucking_videos_2024/Group 3 Day 4/Cam 8/N884A6_ch8_main_20240805200000_20240805203000.mp4,-9223372036854775808,-9223372036854775808,-9223372036854775808,26993,14.99386203180634,949571099,256,3,True
/lustre/isaac24/scratch/eopoku2/downey_cross_sucking_videos_2024/Group 3 Day 4/Cam 8/N884A6_ch8_main_20240805203000_20240805210000.mp4,-9223372036854775808,-9223372036854775808,-9223372036854775808,26978,14.993525295807837,949471188,256,3,True
/lustre/isaac24/scratch/eopoku2/downey_cross_sucking_videos_2024/Group 3 Day 4/Cam 8/N884A6_ch8_main_20240805210000_20240805213000.mp4,-9223372036854775808,-9223372036854775808,-9223372036854775808,26990,14.9935281732783,949341732,256,3,True
/lustre/isaac24/scratch/eopoku2/downey_cross_sucking_videos_2024/Group 3 Day 4/Cam 8/N884A6_ch8_main_20240805213000_20240805220000.mp4,-9223372036854775808,-9223372036854775808,-9223372036854775808,26993,14.994861539316169,949536581,256,3,True
/lustre/isaac24/scratch/eopoku2/downey_cross_sucking_videos_2024/Group 3 Day 4/Cam 8/N884A6_ch8_main_20240805220000_20240805223000.mp4,-9223372036854775808,-9223372036854775808,-9223372036854775808,26993,14.991696889249276,949484278,256,3,True
/lustre/isaac24/scratch/eopoku2/downey_cross_sucking_videos_2024/Group 3 Day 4/Cam 8/N884A6_ch8_main_20240805223000_20240805230000.mp4,-9223372036854775808,-9223372036854775808,-9223372036854775808,26979,14.989332622174812,949987039,256,3,True
/lustre/isaac24/scratch/eopoku2/downey_cross_sucking_videos_2024/Group 3 Day 4/Cam 8/N884A6_ch8_main_20240805230000_20240805233000.mp4,-9223372036854775808,-9223372036854775808,-9223372036854775808,26993,14.993112488613388,949479923,256,3,True
/lustre/isaac24/scratch/eopoku2/downey_cross_sucking_videos_2024/Group 3 Day 4/Cam 8/N884A6_ch8_main_20240805233000_20240806000000.mp4,-9223372036854775808,-9223372036854775808,-9223372036854775808,26990,14.9935281732783,949383376,256,3,True
/lustre/isaac24/scratch/eopoku2/downey_cross_sucking_videos_2024/Group 3 Day 4/Cam 8/N884A6_ch8_main_20240806000000_20240806003000.mp4,-9223372036854775808,-9223372036854775808,-9223372036854775808,26993,14.993112488613388,949524133,256,3,True
/lustre/isaac24/scratch/eopoku2/downey_cross_sucking_videos_2024/Group 3 Day 4/Cam 8/N884A6_ch8_main_20240806003000_20240806010000.mp4,-9223372036854775808,-9223372036854775808,-9223372036854775808,26978,14.993941953914389,949277763,256,3,True
/lustre/isaac24/scratch/eopoku2/downey_cross_sucking_videos_2024/Group 3 Day 4/Cam 8/N884A6_ch8_main_20240806010000_20240806013000.mp4,-9223372036854775808,-9223372036854775808,-9223372036854775808,26994,14.99266862170088,949495110,256,3,True
/lustre/isaac24/scratch/eopoku2/downey_cross_sucking_videos_2024/Group 3 Day 4/Cam 8/N884A6_ch8_main_20240806013000_20240806020000.mp4,-9223372036854775808,-9223372036854775808,-9223372036854775808,26993,14.9892826601215,949500470,256,3,True
/lustre/isaac24/scratch/eopoku2/downey_cross_sucking_videos_2024/Group 3 Day 4/Cam 8/N884A6_ch8_main_20240806020000_20240806023000.mp4,-9223372036854775808,-9223372036854775808,-9223372036854775808,26994,14.99366793308005,949496289,256,3,True
/lustre/isaac24/scratch/eopoku2/downey_cross_sucking_videos_2024/Group 3 Day 4/Cam 8/N884A6_ch8_main_20240806023000_20240806030000.mp4,-9223372036854775808,-9223372036854775808,-9223372036854775808,26978,14.993941953914389,949232476,256,3,True
/lustre/isaac24/scratch/eopoku2/downey_cross_sucking_videos_2024/Group 3 Day 4/Cam 8/N884A6_ch8_main_20240806030000_20240806033000.mp4,-9223372036854775808,-9223372036854775808,-9223372036854775808,26993,14.993945319009477,949473709,256,3,True
/lustre/isaac24/scratch/eopoku2/downey_cross_sucking_videos_2024/Group 3 Day 4/Cam 8/N884A6_ch8_main_20240806033000_20240806040000.mp4,-9223372036854775808,-9223372036854775808,-9223372036854775808,26990,14.993944646289568,949433726,256,3,True
/lustre/isaac24/scratch/eopoku2/downey_cross_sucking_videos_2024/Group 3 Day 4/Cam 8/N884A6_ch8_main_20240806040000_20240806043000.mp4,-9223372036854775808,-9223372036854775808,-9223372036854775808,26994,14.993001710692942,950173656,256,3,True
/lustre/isaac24/scratch/eopoku2/downey_cross_sucking_videos_2024/Group 3 Day 4/Cam 8/N884A6_ch8_main_20240806043000_20240806050000.mp4,-9223372036854775808,-9223372036854775808,-9223372036854775808,26976,14.988915003917256,949268980,256,3,True
/lustre/isaac24/scratch/eopoku2/downey_cross_sucking_videos_2024/Group 3 Day 4/Cam 8/N884A6_ch8_main_20240807043000_20240807050002.mp4,-9223372036854775808,-9223372036854775808,-9223372036854775808,27061,14.988590038993264,952381277,256,3,True
/lustre/isaac24/scratch/eopoku2/downey_cross_sucking_videos_2024/Group 3 Day 4/Cam 8/._N884A6_ch8_main_20240805080000_20240805083000.mp4,-1,-1,-1,-1,-1.0,4096,256,3,False
/lustre/isaac24/scratch/eopoku2/downey_cross_sucking_videos_2024/Group 3 Day 4/Cam 8/._N884A6_ch8_main_20240805060000_20240805063000.mp4,-1,-1,-1,-1,-1.0,4096,256,3,False
/lustre/isaac24/scratch/eopoku2/downey_cross_sucking_videos_2024/Group 3 Day 4/Cam 8/._N884A6_ch8_main_20240805150000_20240805153000.mp4,-1,-1,-1,-1,-1.0,4096,256,3,False
/lustre/isaac24/scratch/eopoku2/downey_cross_sucking_videos_2024/Group 3 Day 4/Cam 12/N884A6_ch12_main_20240805043000_20240805043001.mp4,-9223372036854775808,-9223372036854775808,-9223372036854775808,9,16.666666666666668,807234,256,3,True
/lustre/isaac24/scratch/eopoku2/downey_cross_sucking_videos_2024/Group 3 Day 4/Cam 12/N884A6_ch12_main_20240805043001_20240805050000.mp4,-9223372036854775808,-9223372036854775808,-9223372036854775808,26979,14.989582465205434,949398310,256,3,True
/lustre/isaac24/scratch/eopoku2/downey_cross_sucking_videos_2024/Group 3 Day 4/Cam 12/N884A6_ch12_main_20240805050000_20240805053002.mp4,-9223372036854775808,-9223372036854775808,-9223372036854775808,27022,14.993896348906892,950332515,256,3,True
/lustre/isaac24/scratch/eopoku2/downey_cross_sucking_videos_2024/Group 3 Day 4/Cam 12/N884A6_ch12_main_20240805053002_20240805060002.mp4,-9223372036854775808,-9223372036854775808,-9223372036854775808,26993,14.994028607137896,949565736,256,3,True
/lustre/isaac24/scratch/eopoku2/downey_cross_sucking_videos_2024/Group 3 Day 4/Cam 12/N884A6_ch12_main_20240805060002_20240805063002.mp4,-9223372036854775808,-9223372036854775808,-9223372036854775808,26970,14.99332888592395,948479294,256,3,True
/lustre/isaac24/scratch/eopoku2/downey_cross_sucking_videos_2024/Group 3 Day 4/Cam 12/N884A6_ch12_main_20240805063002_20240805070002.mp4,-9223372036854775808,-9223372036854775808,-9223372036854775808,26998,14.993557846099163,950077369,256,3,True
/lustre/isaac24/scratch/eopoku2/downey_cross_sucking_videos_2024/Group 3 Day 4/Cam 12/N884A6_ch12_main_20240805070002_20240805073002.mp4,-9223372036854775808,-9223372036854775808,-9223372036854775808,26994,14.992335547508498,950211577,256,3,True
/lustre/isaac24/scratch/eopoku2/downey_cross_sucking_videos_2024/Group 3 Day 4/Cam 12/N884A6_ch12_main_20240805073002_20240805080002.mp4,-9223372036854775808,-9223372036854775808,-9223372036854775808,26991,14.987922369991947,949312264,256,3,True
/lustre/isaac24/scratch/eopoku2/downey_cross_sucking_videos_2024/Group 3 Day 4/Cam 12/N884A6_ch12_main_20240805080002_20240805083002.mp4,-9223372036854775808,-9223372036854775808,-9223372036854775808,26978,14.994025288314576,949083559,256,3,True
/lustre/isaac24/scratch/eopoku2/downey_cross_sucking_videos_2024/Group 3 Day 4/Cam 12/N884A6_ch12_main_20240805083002_20240805090002.mp4,-9223372036854775808,-9223372036854775808,-9223372036854775808,26994,14.993917781740016,949198522,256,3,True
/lustre/isaac24/scratch/eopoku2/downey_cross_sucking_videos_2024/Group 3 Day 4/Cam 12/N884A6_ch12_main_20240805090002_20240805093002.mp4,-9223372036854775808,-9223372036854775808,-9223372036854775808,26990,14.993944646289568,949211809,256,3,True
/lustre/isaac24/scratch/eopoku2/downey_cross_sucking_videos_2024/Group 3 Day 4/Cam 12/N884A6_ch12_main_20240805093002_20240805100002.mp4,-9223372036854775808,-9223372036854775808,-9223372036854775808,26993,14.993612175748488,949447938,256,3,True
/lustre/isaac24/scratch/eopoku2/downey_cross_sucking_videos_2024/Group 3 Day 4/Cam 12/N884A6_ch12_main_20240805100002_20240805103002.mp4,-9223372036854775808,-9223372036854775808,-9223372036854775808,26977,14.9928028766263,948960492,256,3,True
/lustre/isaac24/scratch/eopoku2/downey_cross_sucking_videos_2024/Group 3 Day 4/Cam 12/N884A6_ch12_main_20240805103002_20240805110002.mp4,-9223372036854775808,-9223372036854775808,-9223372036854775808,26991,14.988754685547688,949191413,256,3,True
/lustre/isaac24/scratch/eopoku2/downey_cross_sucking_videos_2024/Group 3 Day 4/Cam 12/N884A6_ch12_main_20240805110002_20240805113002.mp4,-9223372036854775808,-9223372036854775808,-9223372036854775808,26994,14.99375121504152,949428735,256,3,True
/lustre/isaac24/scratch/eopoku2/downey_cross_sucking_videos_2024/Group 3 Day 4/Cam 12/N884A6_ch12_main_20240805113002_20240805120002.mp4,-9223372036854775808,-9223372036854775808,-9223372036854775808,26993,14.994028607137896,949201206,256,3,True
/lustre/isaac24/scratch/eopoku2/downey_cross_sucking_videos_2024/Group 3 Day 4/Cam 12/N884A6_ch12_main_20240805120002_20240805123002.mp4,-9223372036854775808,-9223372036854775808,-9223372036854775808,26978,14.993191985994942,949169636,256,3,True
/lustre/isaac24/scratch/eopoku2/downey_cross_sucking_videos_2024/Group 3 Day 4/Cam 12/N884A6_ch12_main_20240805123002_20240805130002.mp4,-9223372036854775808,-9223372036854775808,-9223372036854775808,26991,14.993667229579591,949323691,256,3,True
/lustre/isaac24/scratch/eopoku2/downey_cross_sucking_videos_2024/Group 3 Day 4/Cam 12/N884A6_ch12_main_20240805130002_20240805133002.mp4,-9223372036854775808,-9223372036854775808,-9223372036854775808,26994,14.99250208275479,949079693,256,3,True
/lustre/isaac24/scratch/eopoku2/downey_cross_sucking_videos_2024/Group 3 Day 4/Cam 12/N884A6_ch12_main_20240805133002_20240805140002.mp4,-9223372036854775808,-9223372036854775808,-9223372036854775808,26992,14.989060296093914,949329971,256,3,True
/lustre/isaac24/scratch/eopoku2/downey_cross_sucking_videos_2024/Group 3 Day 4/Cam 12/N884A6_ch12_main_20240805140002_20240805143002.mp4,-9223372036854775808,-9223372036854775808,-9223372036854775808,26994,14.99375121504152,949121788,256,3,True
/lustre/isaac24/scratch/eopoku2/downey_cross_sucking_videos_2024/Group 3 Day 4/Cam 12/N884A6_ch12_main_20240805143002_20240805150002.mp4,-9223372036854775808,-9223372036854775808,-9223372036854775808,26970,14.99524622338858,948385871,256,3,True
/lustre/isaac24/scratch/eopoku2/downey_cross_sucking_videos_2024/Group 3 Day 4/Cam 12/N884A6_ch12_main_20240805150002_20240805153002.mp4,-9223372036854775808,-9223372036854775808,-9223372036854775808,26999,14.993696860647862,949894473,256,3,True
/lustre/isaac24/scratch/eopoku2/downey_cross_sucking_videos_2024/Group 3 Day 4/Cam 12/N884A6_ch12_main_20240805153002_20240805160002.mp4,-9223372036854775808,-9223372036854775808,-9223372036854775808,26993,14.993612175748488,949347970,256,3,True
/lustre/isaac24/scratch/eopoku2/downey_cross_sucking_videos_2024/Group 3 Day 4/Cam 12/N884A6_ch12_main_20240805160002_20240805163002.mp4,-9223372036854775808,-9223372036854775808,-9223372036854775808,26991,14.9924179724603,949853827,256,3,True
/lustre/isaac24/scratch/eopoku2/downey_cross_sucking_videos_2024/Group 3 Day 4/Cam 12/N884A6_ch12_main_20240805163002_20240805170002.mp4,-9223372036854775808,-9223372036854775808,-9223372036854775808,26976,14.988581874350611,949252992,256,3,True
/lustre/isaac24/scratch/eopoku2/downey_cross_sucking_videos_2024/Group 3 Day 4/Cam 12/N884A6_ch12_main_20240805170002_20240805173002.mp4,-9223372036854775808,-9223372036854775808,-9223372036854775808,26995,14.993806966191034,949403835,256,3,True
/lustre/isaac24/scratch/eopoku2/downey_cross_sucking_videos_2024/Group 3 Day 4/Cam 12/N884A6_ch12_main_20240805173002_20240805180002.mp4,-9223372036854775808,-9223372036854775808,-9223372036854775808,26991,14.995083306018367,948949058,256,3,True
/lustre/isaac24/scratch/eopoku2/downey_cross_sucking_videos_2024/Group 3 Day 4/Cam 12/N884A6_ch12_main_20240805180002_20240805183002.mp4,-9223372036854775808,-9223372036854775808,-9223372036854775808,26994,14.99375121504152,949120008,256,3,True
/lustre/isaac24/scratch/eopoku2/downey_cross_sucking_videos_2024/Group 3 Day 4/Cam 12/N884A6_ch12_main_20240805183002_20240805190002.mp4,-9223372036854775808,-9223372036854775808,-9223372036854775808,26992,14.993806278156438,949209030,256,3,True
/lustre/isaac24/scratch/eopoku2/downey_cross_sucking_videos_2024/Group 3 Day 4/Cam 12/N884A6_ch12_main_20240805190002_20240805193002.mp4,-9223372036854775808,-9223372036854775808,-9223372036854775808,26977,14.992886201453883,948910451,256,3,True
/lustre/isaac24/scratch/eopoku2/downey_cross_sucking_videos_2024/Group 3 Day 4/Cam 12/N884A6_ch12_main_20240805193002_20240805200000.mp4,-9223372036854775808,-9223372036854775808,-9223372036854775808,26962,14.988964804118323,948395067,256,3,True
/lustre/isaac24/scratch/eopoku2/downey_cross_sucking_videos_2024/Group 3 Day 4/Cam 12/N884A6_ch12_main_20240805200000_20240805203000.mp4,-9223372036854775808,-9223372036854775808,-9223372036854775808,26994,14.99375121504152,949441917,256,3,True
/lustre/isaac24/scratch/eopoku2/downey_cross_sucking_videos_2024/Group 3 Day 4/Cam 12/N884A6_ch12_main_20240805203000_20240805210000.mp4,-9223372036854775808,-9223372036854775808,-9223372036854775808,26990,14.993111723402365,949452985,256,3,True
/lustre/isaac24/scratch/eopoku2/downey_cross_sucking_videos_2024/Group 3 Day 4/Cam 12/N884A6_ch12_main_20240805210000_20240805213000.mp4,-9223372036854775808,-9223372036854775808,-9223372036854775808,26978,14.993608625576613,949099425,256,3,True
/lustre/isaac24/scratch/eopoku2/downey_cross_sucking_videos_2024/Group 3 Day 4/Cam 12/N884A6_ch12_main_20240805213000_20240805220000.mp4,-9223372036854775808,-9223372036854775808,-9223372036854775808,26993,14.993612175748488,949361682,256,3,True
/lustre/isaac24/scratch/eopoku2/downey_cross_sucking_videos_2024/Group 3 Day 4/Cam 12/N884A6_ch12_main_20240805220000_20240805223000.mp4,-9223372036854775808,-9223372036854775808,-9223372036854775808,26993,14.991780152400418,949838527,256,3,True
/lustre/isaac24/scratch/eopoku2/downey_cross_sucking_videos_2024/Group 3 Day 4/Cam 12/N884A6_ch12_main_20240805223000_20240805230000.mp4,-9223372036854775808,-9223372036854775808,-9223372036854775808,26990,14.98903173853886,949422149,256,3,True
/lustre/isaac24/scratch/eopoku2/downey_cross_sucking_videos_2024/Group 3 Day 4/Cam 12/N884A6_ch12_main_20240805230000_20240805233000.mp4,-9223372036854775808,-9223372036854775808,-9223372036854775808,26978,14.993608625576613,949162547,256,3,True
/lustre/isaac24/scratch/eopoku2/downey_cross_sucking_videos_2024/Group 3 Day 4/Cam 12/N884A6_ch12_main_20240805233000_20240806000000.mp4,-9223372036854775808,-9223372036854775808,-9223372036854775808,26994,14.99366793308005,949333975,256,3,True
/lustre/isaac24/scratch/eopoku2/downey_cross_sucking_videos_2024/Group 3 Day 4/Cam 12/N884A6_ch12_main_20240806000000_20240806003000.mp4,-9223372036854775808,-9223372036854775808,-9223372036854775808,26991,14.993750520789934,949522947,256,3,True
/lustre/isaac24/scratch/eopoku2/downey_cross_sucking_videos_2024/Group 3 Day 4/Cam 12/N884A6_ch12_main_20240806003000_20240806010000.mp4,-9223372036854775808,-9223372036854775808,-9223372036854775808,26993,14.993195767489654,949468671,256,3,True
/lustre/isaac24/scratch/eopoku2/downey_cross_sucking_videos_2024/Group 3 Day 4/Cam 12/N884A6_ch12_main_20240806010000_20240806013000.mp4,-9223372036854775808,-9223372036854775808,-9223372036854775808,26993,14.992113214253976,949523793,256,3,True
/lustre/isaac24/scratch/eopoku2/downey_cross_sucking_videos_2024/Group 3 Day 4/Cam 12/N884A6_ch12_main_20240806013000_20240806020000.mp4,-9223372036854775808,-9223372036854775808,-9223372036854775808,26970,14.988496037524037,948472361,256,3,True
/lustre/isaac24/scratch/eopoku2/downey_cross_sucking_videos_2024/Group 3 Day 4/Cam 12/N884A6_ch12_main_20240806020000_20240806023000.mp4,-9223372036854775808,-9223372036854775808,-9223372036854775808,26998,14.993557846099163,950181375,256,3,True
/lustre/isaac24/scratch/eopoku2/downey_cross_sucking_videos_2024/Group 3 Day 4/Cam 12/N884A6_ch12_main_20240806023000_20240806030000.mp4,-9223372036854775808,-9223372036854775808,-9223372036854775808,26993,14.992779382359476,949502315,256,3,True
/lustre/isaac24/scratch/eopoku2/downey_cross_sucking_videos_2024/Group 3 Day 4/Cam 12/N884A6_ch12_main_20240806030000_20240806033000.mp4,-9223372036854775808,-9223372036854775808,-9223372036854775808,26991,14.993667229579591,949414452,256,3,True
/lustre/isaac24/scratch/eopoku2/downey_cross_sucking_videos_2024/Group 3 Day 4/Cam 12/N884A6_ch12_main_20240806033000_20240806040000.mp4,-9223372036854775808,-9223372036854775808,-9223372036854775808,26978,14.993608625576613,949298886,256,3,True
/lustre/isaac24/scratch/eopoku2/downey_cross_sucking_videos_2024/Group 3 Day 4/Cam 12/N884A6_ch12_main_20240806040000_20240806043000.mp4,-9223372036854775808,-9223372036854775808,-9223372036854775808,26993,14.991613627023003,949420287,256,3,True
/lustre/isaac24/scratch/eopoku2/downey_cross_sucking_videos_2024/Group 3 Day 4/Cam 12/N884A6_ch12_main_20240806043000_20240806050000.mp4,-9223372036854775808,-9223372036854775808,-9223372036854775808,26990,14.98778320746335,949323176,256,3,True
/lustre/isaac24/scratch/eopoku2/downey_cross_sucking_videos_2024/Group 3 Day 4/Cam 12/._N884A6_ch12_main_20240805080002_20240805083002.mp4,-1,-1,-1,-1,-1.0,4096,256,3,False
/lustre/isaac24/scratch/eopoku2/downey_cross_sucking_videos_2024/Group 3 Day 4/Cam 12/._N884A6_ch12_main_20240805060002_20240805063002.mp4,-1,-1,-1,-1,-1.0,4096,256,3,False
/lustre/isaac24/scratch/eopoku2/downey_cross_sucking_videos_2024/Group 3 Day 4/Cam 12/._N884A6_ch12_main_20240805103002_20240805110002.mp4,-1,-1,-1,-1,-1.0,4096,256,3,False
/lustre/isaac24/scratch/eopoku2/downey_cross_sucking_videos_2024/Group 3 Day 4/Cam 12/._N884A6_ch12_main_20240805093002_20240805100002.mp4,-1,-1,-1,-1,-1.0,4096,256,3,False
/lustre/isaac24/scratch/eopoku2/downey_cross_sucking_videos_2024/Group 3 Day 4/Cam 12/._N884A6_ch12_main_20240805100002_20240805103002.mp4,-1,-1,-1,-1,-1.0,4096,256,3,False
/lustre/isaac24/scratch/eopoku2/downey_cross_sucking_videos_2024/Group 3 Day 4/Cam 12/._N884A6_ch12_main_20240805150002_20240805153002.mp4,-1,-1,-1,-1,-1.0,4096,256,3,False
/lustre/isaac24/scratch/eopoku2/downey_cross_sucking_videos_2024/Group 3 Day 4/Cam 14/N884A6_ch14_main_20240805043000_20240805043002.mp4,-9223372036854775808,-9223372036854775808,-9223372036854775808,17,15.596330275229358,893099,256,3,True
/lustre/isaac24/scratch/eopoku2/downey_cross_sucking_videos_2024/Group 3 Day 4/Cam 14/N884A6_ch14_main_20240805043002_20240805050001.mp4,-9223372036854775808,-9223372036854775808,-9223372036854775808,26976,14.98908157425363,949210237,256,3,True
/lustre/isaac24/scratch/eopoku2/downey_cross_sucking_videos_2024/Group 3 Day 4/Cam 14/N884A6_ch14_main_20240805050001_20240805053003.mp4,-9223372036854775808,-9223372036854775808,-9223372036854775808,27025,14.993730651013635,950519688,256,3,True
/lustre/isaac24/scratch/eopoku2/downey_cross_sucking_videos_2024/Group 3 Day 4/Cam 14/N884A6_ch14_main_20240805053003_20240805060003.mp4,-9223372036854775808,-9223372036854775808,-9223372036854775808,26990,14.993861349836395,949480660,256,3,True
/lustre/isaac24/scratch/eopoku2/downey_cross_sucking_videos_2024/Group 3 Day 4/Cam 14/N884A6_ch14_main_20240805060003_20240805063003.mp4,-9223372036854775808,-9223372036854775808,-9223372036854775808,26979,14.993581086713682,949309769,256,3,True
/lustre/isaac24/scratch/eopoku2/downey_cross_sucking_videos_2024/Group 3 Day 4/Cam 14/N884A6_ch14_main_20240805063003_20240805070003.mp4,-9223372036854775808,-9223372036854775808,-9223372036854775808,26993,14.993945319009477,949296385,256,3,True
/lustre/isaac24/scratch/eopoku2/downey_cross_sucking_videos_2024/Group 3 Day 4/Cam 14/N884A6_ch14_main_20240805070003_20240805073003.mp4,-9223372036854775808,-9223372036854775808,-9223372036854775808,26991,14.992084872385924,949390892,256,3,True
/lustre/isaac24/scratch/eopoku2/downey_cross_sucking_videos_2024/Group 3 Day 4/Cam 14/N884A6_ch14_main_20240805073003_20240805080003.mp4,-9223372036854775808,-9223372036854775808,-9223372036854775808,26993,14.988533574692797,949854654,256,3,True
/lustre/isaac24/scratch/eopoku2/downey_cross_sucking_videos_2024/Group 3 Day 4/Cam 14/N884A6_ch14_main_20240805080003_20240805083003.mp4,-9223372036854775808,-9223372036854775808,-9223372036854775808,26979,14.993247786774551,949240686,256,3,True
/lustre/isaac24/scratch/eopoku2/downey_cross_sucking_videos_2024/Group 3 Day 4/Cam 14/N884A6_ch14_main_20240805083003_20240805090003.mp4,-9223372036854775808,-9223372036854775808,-9223372036854775808,26993,14.993945319009477,949170373,256,3,True
/lustre/isaac24/scratch/eopoku2/downey_cross_sucking_videos_2024/Group 3 Day 4/Cam 14/N884A6_ch14_main_20240805090003_20240805093003.mp4,-9223372036854775808,-9223372036854775808,-9223372036854775808,26992,14.993806278156438,949494714,256,3,True
/lustre/isaac24/scratch/eopoku2/downey_cross_sucking_videos_2024/Group 3 Day 4/Cam 14/N884A6_ch14_main_20240805093003_20240805095249.mp4,-9223372036854775808,-9223372036854775808,-9223372036854775808,20458,14.994026722172954,719606006,256,3,True
/lustre/isaac24/scratch/eopoku2/downey_cross_sucking_videos_2024/Group 3 Day 4/Cam 14/N884A6_ch14_main_20240805095346_20240805095831.mp4,-9223372036854775808,-9223372036854775808,-9223372036854775808,4238,14.993808597205025,149686169,256,3,True
/lustre/isaac24/scratch/eopoku2/downey_cross_sucking_videos_2024/Group 3 Day 4/Cam 14/N884A6_ch14_main_20240805095907_20240805101157.mp4,-9223372036854775808,-9223372036854775808,-9223372036854775808,11516,14.988936613302096,405020111,256,3,True
/lustre/isaac24/scratch/eopoku2/downey_cross_sucking_videos_2024/Group 3 Day 4/Cam 14/N884A6_ch14_main_20240805101232_20240805101822.mp4,-9223372036854775808,-9223372036854775808,-9223372036854775808,5206,14.995535328513409,183299652,256,3,True
/lustre/isaac24/scratch/eopoku2/downey_cross_sucking_videos_2024/Group 3 Day 4/Cam 14/N884A6_ch14_main_20240805101857_20240805102001.mp4,-9223372036854775808,-9223372036854775808,-9223372036854775808,937,15.006406149903908,33517364,256,3,True
/lustre/isaac24/scratch/eopoku2/downey_cross_sucking_videos_2024/Group 3 Day 4/Cam 14/N884A6_ch14_main_20240805102037_20240805103455.mp4,-9223372036854775808,-9223372036854775808,-9223372036854775808,12816,14.988246576303697,451176011,256,3,True
/lustre/isaac24/scratch/eopoku2/downey_cross_sucking_videos_2024/Group 3 Day 4/Cam 14/N884A6_ch14_main_20240805103531_20240805103719.mp4,-9223372036854775808,-9223372036854775808,-9223372036854775808,1585,14.99526963103122,55758950,256,3,True
/lustre/isaac24/scratch/eopoku2/downey_cross_sucking_videos_2024/Group 3 Day 4/Cam 14/N884A6_ch14_main_20240805104306_20240805105019.mp4,-9223372036854775808,-9223372036854775808,-9223372036854775808,6420,14.987743667561574,225802960,256,3,True
/lustre/isaac24/scratch/eopoku2/downey_cross_sucking_videos_2024/Group 3 Day 4/Cam 14/N884A6_ch14_main_20240805105026_20240805105407.mp4,-9223372036854775808,-9223372036854775808,-9223372036854775808,3287,14.99612208586158,116484557,256,3,True
/lustre/isaac24/scratch/eopoku2/downey_cross_sucking_videos_2024/Group 3 Day 4/Cam 14/N884A6_ch14_main_20240805105457_20240805105508.mp4,-9223372036854775808,-9223372036854775808,-9223372036854775808,11,16.176470588235293,1202828,256,3,True
/lustre/isaac24/scratch/eopoku2/downey_cross_sucking_videos_2024/Group 3 Day 4/Cam 14/N884A6_ch14_main_20240805105600_20240805105609.mp4,-9223372036854775808,-9223372036854775808,-9223372036854775808,30,15.0,1081581,256,3,True
/lustre/isaac24/scratch/eopoku2/downey_cross_sucking_videos_2024/Group 3 Day 4/Cam 14/N884A6_ch14_main_20240805105657_20240805105740.mp4,-9223372036854775808,-9223372036854775808,-9223372036854775808,593,14.98610058124842,21621001,256,3,True
/lustre/isaac24/scratch/eopoku2/downey_cross_sucking_videos_2024/Group 3 Day 4/Cam 14/N884A6_ch14_main_20240805110034_20240805110152.mp4,-9223372036854775808,-9223372036854775808,-9223372036854775808,1137,15.00197915292255,40007519,256,3,True
/lustre/isaac24/scratch/eopoku2/downey_cross_sucking_videos_2024/Group 3 Day 4/Cam 14/N884A6_ch14_main_20240805110228_20240805110302.mp4,-9223372036854775808,-9223372036854775808,-9223372036854775808,483,14.981389578163771,17564225,256,3,True
/lustre/isaac24/scratch/eopoku2/downey_cross_sucking_videos_2024/Group 3 Day 4/Cam 14/N884A6_ch14_main_20240805110303_20240805110306.mp4,-1,-1,-1,-1,-1.0,164,256,3,False
/lustre/isaac24/scratch/eopoku2/downey_cross_sucking_videos_2024/Group 3 Day 4/Cam 14/N884A6_ch14_main_20240805110308_20240805110346.mp4,-9223372036854775808,-9223372036854775808,-9223372036854775808,519,14.982678983833718,18635789,256,3,True
/lustre/isaac24/scratch/eopoku2/downey_cross_sucking_videos_2024/Group 3 Day 4/Cam 14/N884A6_ch14_main_20240805110422_20240805110504.mp4,-9223372036854775808,-9223372036854775808,-9223372036854775808,606,15.003713790542214,22450015,256,3,True
/lustre/isaac24/scratch/eopoku2/downey_cross_sucking_videos_2024/Group 3 Day 4/Cam 14/N884A6_ch14_main_20240805110728_20240805110858.mp4,-9223372036854775808,-9223372036854775808,-9223372036854775808,1320,14.991482112436117,46404906,256,3,True
/lustre/isaac24/scratch/eopoku2/downey_cross_sucking_videos_2024/Group 3 Day 4/Cam 14/N884A6_ch14_main_20240805111010_20240805111020.mp4,-9223372036854775808,-9223372036854775808,-9223372036854775808,10,16.949152542372882,836601,256,3,True
/lustre/isaac24/scratch/eopoku2/downey_cross_sucking_videos_2024/Group 3 Day 4/Cam 14/N884A6_ch14_main_20240806000925_20240806001000.mp4,-9223372036854775808,-9223372036854775808,-9223372036854775808,432,12.503617945007235,17767209,256,3,True
/lustre/isaac24/scratch/eopoku2/downey_cross_sucking_videos_2024/Group 3 Day 4/Cam 14/N884A6_ch14_main_20240806001530_20240806001551.mp4,-9223372036854775808,-9223372036854775808,-9223372036854775808,148,15.132924335378323,5830152,256,3,True
/lustre/isaac24/scratch/eopoku2/downey_cross_sucking_videos_2024/Group 3 Day 4/Cam 14/N884A6_ch14_main_20240806001647_20240806001714.mp4,-9223372036854775808,-9223372036854775808,-9223372036854775808,65,14.840182648401829,3559454,256,3,True
/lustre/isaac24/scratch/eopoku2/downey_cross_sucking_videos_2024/Group 3 Day 4/Cam 14/N884A6_ch14_main_20240806001753_20240806001803.mp4,-9223372036854775808,-9223372036854775808,-9223372036854775808,26,15.5688622754491,1668847,256,3,True
/lustre/isaac24/scratch/eopoku2/downey_cross_sucking_videos_2024/Group 3 Day 4/Cam 14/N884A6_ch14_main_20240806001905_20240806002011.mp4,-9223372036854775808,-9223372036854775808,-9223372036854775808,964,14.99922203205228,34489047,256,3,True
/lustre/isaac24/scratch/eopoku2/downey_cross_sucking_videos_2024/Group 3 Day 4/Cam 14/N884A6_ch14_main_20240806002047_20240806002100.mp4,-9223372036854775808,-9223372036854775808,-9223372036854775808,37,15.163934426229508,1601707,256,3,True
/lustre/isaac24/scratch/eopoku2/downey_cross_sucking_videos_2024/Group 3 Day 4/Cam 14/N884A6_ch14_main_20240806002323_20240806002353.mp4,-9223372036854775808,-9223372036854775808,-9223372036854775808,152,14.945919370698132,6671538,256,3,True
/lustre/isaac24/scratch/eopoku2/downey_cross_sucking_videos_2024/Group 3 Day 4/Cam 14/N884A6_ch14_main_20240806002433_20240806002553.mp4,-9223372036854775808,-9223372036854775808,-9223372036854775808,1151,14.996742671009772,41574829,256,3,True
/lustre/isaac24/scratch/eopoku2/downey_cross_sucking_videos_2024/Group 3 Day 4/Cam 14/N884A6_ch14_main_20240806002810_20240806002843.mp4,-1,-1,-1,-1,-1.0,164,256,3,False
/lustre/isaac24/scratch/eopoku2/downey_cross_sucking_videos_2024/Group 3 Day 4/Cam 14/N884A6_ch14_main_20240806002955_20240806003025.mp4,-9223372036854775808,-9223372036854775808,-9223372036854775808,181,14.99585749792875,7044263,256,3,True
/lustre/isaac24/scratch/eopoku2/downey_cross_sucking_videos_2024/Group 3 Day 4/Cam 14/N884A6_ch14_main_20240806003032_20240806003344.mp4,-9223372036854775808,-9223372036854775808,-9223372036854775808,2857,14.99737532808399,100951960,256,3,True
/lustre/isaac24/scratch/eopoku2/downey_cross_sucking_videos_2024/Group 3 Day 4/Cam 14/N884A6_ch14_main_20240806003419_20240806005041.mp4,-9223372036854775808,-9223372036854775808,-9223372036854775808,14680,14.98601441434084,516742065,256,3,True
/lustre/isaac24/scratch/eopoku2/downey_cross_sucking_videos_2024/Group 3 Day 4/Cam 14/N884A6_ch14_main_20240806005117_20240806013001.mp4,-9223372036854775808,-9223372036854775808,-9223372036854775808,34828,14.988810466517473,1225532399,256,3,True
/lustre/isaac24/scratch/eopoku2/downey_cross_sucking_videos_2024/Group 3 Day 4/Cam 14/N884A6_ch14_main_20240806013001_20240806020001.mp4,-9223372036854775808,-9223372036854775808,-9223372036854775808,26979,14.988499872220803,949319269,256,3,True
/lustre/isaac24/scratch/eopoku2/downey_cross_sucking_videos_2024/Group 3 Day 4/Cam 14/N884A6_ch14_main_20240806020001_20240806023001.mp4,-9223372036854775808,-9223372036854775808,-9223372036854775808,26993,14.993112488613388,949413162,256,3,True
/lustre/isaac24/scratch/eopoku2/downey_cross_sucking_videos_2024/Group 3 Day 4/Cam 14/N884A6_ch14_main_20240806023001_20240806030001.mp4,-9223372036854775808,-9223372036854775808,-9223372036854775808,26994,14.99366793308005,949524903,256,3,True
/lustre/isaac24/scratch/eopoku2/downey_cross_sucking_videos_2024/Group 3 Day 4/Cam 14/N884A6_ch14_main_20240806030001_20240806033001.mp4,-9223372036854775808,-9223372036854775808,-9223372036854775808,26991,14.993667229579591,949476291,256,3,True
/lustre/isaac24/scratch/eopoku2/downey_cross_sucking_videos_2024/Group 3 Day 4/Cam 14/N884A6_ch14_main_20240806033001_20240806040001.mp4,-9223372036854775808,-9223372036854775808,-9223372036854775808,26978,14.993525295807837,949258269,256,3,True
/lustre/isaac24/scratch/eopoku2/downey_cross_sucking_videos_2024/Group 3 Day 4/Cam 14/N884A6_ch14_main_20240806040001_20240806043001.mp4,-9223372036854775808,-9223372036854775808,-9223372036854775808,26992,14.992390495339873,949523128,256,3,True
/lustre/isaac24/scratch/eopoku2/downey_cross_sucking_videos_2024/Group 3 Day 4/Cam 14/N884A6_ch14_main_20240806043001_20240806044501.mp4,-9223372036854775808,-9223372036854775808,-9223372036854775808,13467,14.986479117748525,473668191,256,3,True
/lustre/isaac24/scratch/eopoku2/downey_cross_sucking_videos_2024/Group 3 Day 4/Cam 14/N884A6_ch14_main_20240806044536_20240806050000.mp4,-9223372036854775808,-9223372036854775808,-9223372036854775808,12930,14.987828909238438,454816999,256,3,True
/lustre/isaac24/scratch/eopoku2/downey_cross_sucking_videos_2024/Group 3 Day 4/Cam 14/._N884A6_ch14_main_20240805070003_20240805073003.mp4,-1,-1,-1,-1,-1.0,4096,256,3,False
/lustre/isaac24/scratch/eopoku2/downey_cross_sucking_videos_2024/Group 3 Day 4/Cam 14/._N884A6_ch14_main_20240805060003_20240805063003.mp4,-1,-1,-1,-1,-1.0,4096,256,3,False
/lustre/isaac24/scratch/eopoku2/downey_cross_sucking_videos_2024/Group 3 Day 4/Cam 14/._N884A6_ch14_main_20240805063003_20240805070003.mp4,-1,-1,-1,-1,-1.0,4096,256,3,False
/lustre/isaac24/scratch/eopoku2/downey_cross_sucking_videos_2024/Group 3 Day 4/Cam 14/._N884A6_ch14_main_20240805080003_20240805083003.mp4,-1,-1,-1,-1,-1.0,4096,256,3,False
/lustre/isaac24/scratch/eopoku2/downey_cross_sucking_videos_2024/Group 3 Day 4/Cam 14/._N884A6_ch14_main_20240805093003_20240805095249.mp4,-1,-1,-1,-1,-1.0,4096,256,3,False
/lustre/isaac24/scratch/eopoku2/downey_cross_sucking_videos_2024/Group 3 Day 4/Cam 14/._N884A6_ch14_main_20240805095907_20240805101157.mp4,-1,-1,-1,-1,-1.0,4096,256,3,False
/lustre/isaac24/scratch/eopoku2/downey_cross_sucking_videos_2024/2 weeks post-grouping (not annotated)/Group 6 Week 2/Cam 14/N884A6_ch14_main_20241123043000_20241123050003.mp4,-9223372036854775808,-9223372036854775808,-9223372036854775808,27094,14.993912562257886,953865568,256,3,True
/lustre/isaac24/scratch/eopoku2/downey_cross_sucking_videos_2024/2 weeks post-grouping (not annotated)/Group 6 Week 2/Cam 14/N884A6_ch14_main_20241123050003_20241123053002.mp4,-9223372036854775808,-9223372036854775808,-9223372036854775808,26978,14.989693127455174,949327595,256,3,True
/lustre/isaac24/scratch/eopoku2/downey_cross_sucking_videos_2024/2 weeks post-grouping (not annotated)/Group 6 Week 2/Cam 14/N884A6_ch14_main_20241123053002_20241123060003.mp4,-9223372036854775808,-9223372036854775808,-9223372036854775808,26995,14.990226783056796,949433587,256,3,True
/lustre/isaac24/scratch/eopoku2/downey_cross_sucking_videos_2024/2 weeks post-grouping (not annotated)/Group 6 Week 2/Cam 14/N884A6_ch14_main_20241123060003_20241123063003.mp4,-9223372036854775808,-9223372036854775808,-9223372036854775808,26991,14.993667229579591,949433813,256,3,True
/lustre/isaac24/scratch/eopoku2/downey_cross_sucking_videos_2024/2 weeks post-grouping (not annotated)/Group 6 Week 2/Cam 14/N884A6_ch14_main_20241123063003_20241123070002.mp4,-9223372036854775808,-9223372036854775808,-9223372036854775808,26978,14.993108660857194,949236032,256,3,True
/lustre/isaac24/scratch/eopoku2/downey_cross_sucking_videos_2024/2 weeks post-grouping (not annotated)/Group 6 Week 2/Cam 14/N884A6_ch14_main_20241123070002_20241123073003.mp4,-9223372036854775808,-9223372036854775808,-9223372036854775808,27007,14.992894099882308,950023038,256,3,True
/lustre/isaac24/scratch/eopoku2/downey_cross_sucking_videos_2024/2 weeks post-grouping (not annotated)/Group 6 Week 2/Cam 14/N884A6_ch14_main_20241123073003_20241123080003.mp4,-9223372036854775808,-9223372036854775808,-9223372036854775808,26979,14.993664414013873,949106059,256,3,True
/lustre/isaac24/scratch/eopoku2/downey_cross_sucking_videos_2024/2 weeks post-grouping (not annotated)/Group 6 Week 2/Cam 14/N884A6_ch14_main_20241123080003_20241123083002.mp4,-9223372036854775808,-9223372036854775808,-9223372036854775808,26978,14.989443271474608,949220610,256,3,True
/lustre/isaac24/scratch/eopoku2/downey_cross_sucking_videos_2024/2 weeks post-grouping (not annotated)/Group 6 Week 2/Cam 14/N884A6_ch14_main_20241123083002_20241123090003.mp4,-9223372036854775808,-9223372036854775808,-9223372036854775808,27008,14.990869379395326,950298965,256,3,True
/lustre/isaac24/scratch/eopoku2/downey_cross_sucking_videos_2024/2 weeks post-grouping (not annotated)/Group 6 Week 2/Cam 14/N884A6_ch14_main_20241123090003_20241123093003.mp4,-9223372036854775808,-9223372036854775808,-9223372036854775808,26979,14.993747742240254,949223138,256,3,True
/lustre/isaac24/scratch/eopoku2/downey_cross_sucking_videos_2024/2 weeks post-grouping (not annotated)/Group 6 Week 2/Cam 14/N884A6_ch14_main_20241123093003_20241123100002.mp4,-9223372036854775808,-9223372036854775808,-9223372036854775808,26970,14.99332888592395,948249228,256,3,True
/lustre/isaac24/scratch/eopoku2/downey_cross_sucking_videos_2024/2 weeks post-grouping (not annotated)/Group 6 Week 2/Cam 14/N884A6_ch14_main_20241123100002_20241123103003.mp4,-9223372036854775808,-9223372036854775808,-9223372036854775808,27013,14.99339498018494,951009005,256,3,True
/lustre/isaac24/scratch/eopoku2/downey_cross_sucking_videos_2024/2 weeks post-grouping (not annotated)/Group 6 Week 2/Cam 14/N884A6_ch14_main_20241123103003_20241123110003.mp4,-9223372036854775808,-9223372036854775808,-9223372036854775808,26991,14.993667229579591,949321556,256,3,True
/lustre/isaac24/scratch/eopoku2/downey_cross_sucking_videos_2024/2 weeks post-grouping (not annotated)/Group 6 Week 2/Cam 14/N884A6_ch14_main_20241123110003_20241123113002.mp4,-9223372036854775808,-9223372036854775808,-9223372036854775808,26963,14.990020736853223,948325384,256,3,True
/lustre/isaac24/scratch/eopoku2/downey_cross_sucking_videos_2024/2 weeks post-grouping (not annotated)/Group 6 Week 2/Cam 14/N884A6_ch14_main_20241123113002_20241123120003.mp4,-9223372036854775808,-9223372036854775808,-9223372036854775808,27008,14.990619761775251,950265377,256,3,True
/lustre/isaac24/scratch/eopoku2/downey_cross_sucking_videos_2024/2 weeks post-grouping (not annotated)/Group 6 Week 2/Cam 14/N884A6_ch14_main_20241123120003_20241123123003.mp4,-9223372036854775808,-9223372036854775808,-9223372036854775808,26994,14.99375121504152,948885134,256,3,True
/lustre/isaac24/scratch/eopoku2/downey_cross_sucking_videos_2024/2 weeks post-grouping (not annotated)/Group 6 Week 2/Cam 14/N884A6_ch14_main_20241123123003_20241123130002.mp4,-9223372036854775808,-9223372036854775808,-9223372036854775808,26963,14.993188200294714,947879923,256,3,True
/lustre/isaac24/scratch/eopoku2/downey_cross_sucking_videos_2024/2 weeks post-grouping (not annotated)/Group 6 Week 2/Cam 14/N884A6_ch14_main_20241123130002_20241123133003.mp4,-9223372036854775808,-9223372036854775808,-9223372036854775808,27007,14.993892960248724,950165260,256,3,True
/lustre/isaac24/scratch/eopoku2/downey_cross_sucking_videos_2024/2 weeks post-grouping (not annotated)/Group 6 Week 2/Cam 14/N884A6_ch14_main_20241123133003_20241123140003.mp4,-9223372036854775808,-9223372036854775808,-9223372036854775808,26993,14.993112488613388,949110833,256,3,True
/lustre/isaac24/scratch/eopoku2/downey_cross_sucking_videos_2024/2 weeks post-grouping (not annotated)/Group 6 Week 2/Cam 14/N884A6_ch14_main_20241123140003_20241123143002.mp4,-9223372036854775808,-9223372036854775808,-9223372036854775808,26976,14.989581307476454,948955065,256,3,True
/lustre/isaac24/scratch/eopoku2/downey_cross_sucking_videos_2024/2 weeks post-grouping (not annotated)/Group 6 Week 2/Cam 14/N884A6_ch14_main_20241123143002_20241123150003.mp4,-9223372036854775808,-9223372036854775808,-9223372036854775808,26993,14.991696889249276,949225901,256,3,True
/lustre/isaac24/scratch/eopoku2/downey_cross_sucking_videos_2024/2 weeks post-grouping (not annotated)/Group 6 Week 2/Cam 14/N884A6_ch14_main_20241123150003_20241123153003.mp4,-9223372036854775808,-9223372036854775808,-9223372036854775808,26992,14.99347312873212,949274656,256,3,True
/lustre/isaac24/scratch/eopoku2/downey_cross_sucking_videos_2024/2 weeks post-grouping (not annotated)/Group 6 Week 2/Cam 14/N884A6_ch14_main_20241123153003_20241123160002.mp4,-9223372036854775808,-9223372036854775808,-9223372036854775808,26978,14.993191985994942,949134989,256,3,True
/lustre/isaac24/scratch/eopoku2/downey_cross_sucking_videos_2024/2 weeks post-grouping (not annotated)/Group 6 Week 2/Cam 14/N884A6_ch14_main_20241123160002_20241123163003.mp4,-9223372036854775808,-9223372036854775808,-9223372036854775808,27007,14.992977333163086,950148733,256,3,True
/lustre/isaac24/scratch/eopoku2/downey_cross_sucking_videos_2024/2 weeks post-grouping (not annotated)/Group 6 Week 2/Cam 14/N884A6_ch14_main_20241123163003_20241123170003.mp4,-9223372036854775808,-9223372036854775808,-9223372036854775808,26978,14.992275460415902,949054638,256,3,True
/lustre/isaac24/scratch/eopoku2/downey_cross_sucking_videos_2024/2 weeks post-grouping (not annotated)/Group 6 Week 2/Cam 14/N884A6_ch14_main_20241123170003_20241123173002.mp4,-9223372036854775808,-9223372036854775808,-9223372036854775808,26979,14.990581920621429,949348278,256,3,True
/lustre/isaac24/scratch/eopoku2/downey_cross_sucking_videos_2024/2 weeks post-grouping (not annotated)/Group 6 Week 2/Cam 14/N884A6_ch14_main_20241123173002_20241123180003.mp4,-9223372036854775808,-9223372036854775808,-9223372036854775808,27008,14.990869379395326,950318793,256,3,True
/lustre/isaac24/scratch/eopoku2/downey_cross_sucking_videos_2024/2 weeks post-grouping (not annotated)/Group 6 Week 2/Cam 14/N884A6_ch14_main_20241123180003_20241123183003.mp4,-9223372036854775808,-9223372036854775808,-9223372036854775808,26970,14.993662300696036,948389275,256,3,True
/lustre/isaac24/scratch/eopoku2/downey_cross_sucking_videos_2024/2 weeks post-grouping (not annotated)/Group 6 Week 2/Cam 14/N884A6_ch14_main_20241123183003_20241123190002.mp4,-9223372036854775808,-9223372036854775808,-9223372036854775808,26983,14.993054397955214,949943801,256,3,True
/lustre/isaac24/scratch/eopoku2/downey_cross_sucking_videos_2024/2 weeks post-grouping (not annotated)/Group 6 Week 2/Cam 14/N884A6_ch14_main_20241123190002_20241123193003.mp4,-9223372036854775808,-9223372036854775808,-9223372036854775808,27010,14.993810404072365,950341661,256,3,True
/lustre/isaac24/scratch/eopoku2/downey_cross_sucking_videos_2024/2 weeks post-grouping (not annotated)/Group 6 Week 2/Cam 14/N884A6_ch14_main_20241123193003_20241123200003.mp4,-9223372036854775808,-9223372036854775808,-9223372036854775808,26992,14.992973432353317,949347229,256,3,True
/lustre/isaac24/scratch/eopoku2/downey_cross_sucking_videos_2024/2 weeks post-grouping (not annotated)/Group 6 Week 2/Cam 14/N884A6_ch14_main_20241123200003_20241123203002.mp4,-9223372036854775808,-9223372036854775808,-9223372036854775808,26962,14.9897147940179,948924626,256,3,True
/lustre/isaac24/scratch/eopoku2/downey_cross_sucking_videos_2024/2 weeks post-grouping (not annotated)/Group 6 Week 2/Cam 14/N884A6_ch14_main_20241123203002_20241123210003.mp4,-9223372036854775808,-9223372036854775808,-9223372036854775808,27006,14.991090609335709,950314348,256,3,True
/lustre/isaac24/scratch/eopoku2/downey_cross_sucking_videos_2024/2 weeks post-grouping (not annotated)/Group 6 Week 2/Cam 14/N884A6_ch14_main_20241123210003_20241123213003.mp4,-9223372036854775808,-9223372036854775808,-9223372036854775808,26993,14.993528892246337,949404933,256,3,True
/lustre/isaac24/scratch/eopoku2/downey_cross_sucking_videos_2024/2 weeks post-grouping (not annotated)/Group 6 Week 2/Cam 14/N884A6_ch14_main_20241123213003_20241123220002.mp4,-9223372036854775808,-9223372036854775808,-9223372036854775808,26978,14.993525295807837,949282935,256,3,True
/lustre/isaac24/scratch/eopoku2/downey_cross_sucking_videos_2024/2 weeks post-grouping (not annotated)/Group 6 Week 2/Cam 14/N884A6_ch14_main_20241123220002_20241123223003.mp4,-9223372036854775808,-9223372036854775808,-9223372036854775808,26991,14.992917650326344,949349892,256,3,True
/lustre/isaac24/scratch/eopoku2/downey_cross_sucking_videos_2024/2 weeks post-grouping (not annotated)/Group 6 Week 2/Cam 14/N884A6_ch14_main_20241123223003_20241123230003.mp4,-9223372036854775808,-9223372036854775808,-9223372036854775808,26995,14.993890246611864,949439591,256,3,True
/lustre/isaac24/scratch/eopoku2/downey_cross_sucking_videos_2024/2 weeks post-grouping (not annotated)/Group 6 Week 2/Cam 14/N884A6_ch14_main_20241123230003_20241123233002.mp4,-9223372036854775808,-9223372036854775808,-9223372036854775808,26979,14.990165464667903,949286559,256,3,True
/lustre/isaac24/scratch/eopoku2/downey_cross_sucking_videos_2024/2 weeks post-grouping (not annotated)/Group 6 Week 2/Cam 14/N884A6_ch14_main_20241123233002_20241124000000.mp4,-9223372036854775808,-9223372036854775808,-9223372036854775808,26947,14.990292774375147,947999133,256,3,True
/lustre/isaac24/scratch/eopoku2/downey_cross_sucking_videos_2024/2 weeks post-grouping (not annotated)/Group 6 Week 2/Cam 14/N884A6_ch14_main_20241124000000_20241124003003.mp4,-9223372036854775808,-9223372036854775808,-9223372036854775808,27030,14.993260521075433,950615107,256,3,True
/lustre/isaac24/scratch/eopoku2/downey_cross_sucking_videos_2024/2 weeks post-grouping (not annotated)/Group 6 Week 2/Cam 14/N884A6_ch14_main_20241124003003_20241124010002.mp4,-9223372036854775808,-9223372036854775808,-9223372036854775808,26984,14.9940266162865,949975259,256,3,True
/lustre/isaac24/scratch/eopoku2/downey_cross_sucking_videos_2024/2 weeks post-grouping (not annotated)/Group 6 Week 2/Cam 14/N884A6_ch14_main_20241124010002_20241124013003.mp4,-9223372036854775808,-9223372036854775808,-9223372036854775808,27009,14.993255283361368,950373626,256,3,True
/lustre/isaac24/scratch/eopoku2/downey_cross_sucking_videos_2024/2 weeks post-grouping (not annotated)/Group 6 Week 2/Cam 14/N884A6_ch14_main_20241124013003_20241124020003.mp4,-9223372036854775808,-9223372036854775808,-9223372036854775808,26975,14.993107894795347,949266427,256,3,True
/lustre/isaac24/scratch/eopoku2/downey_cross_sucking_videos_2024/2 weeks post-grouping (not annotated)/Group 6 Week 2/Cam 14/N884A6_ch14_main_20241124020003_20241124023002.mp4,-9223372036854775808,-9223372036854775808,-9223372036854775808,26978,14.990442745376956,949238292,256,3,True
/lustre/isaac24/scratch/eopoku2/downey_cross_sucking_videos_2024/2 weeks post-grouping (not annotated)/Group 6 Week 2/Cam 14/N884A6_ch14_main_20241124023002_20241124030003.mp4,-9223372036854775808,-9223372036854775808,-9223372036854775808,27011,14.99045441427842,950323635,256,3,True
/lustre/isaac24/scratch/eopoku2/downey_cross_sucking_videos_2024/2 weeks post-grouping (not annotated)/Group 6 Week 2/Cam 14/N884A6_ch14_main_20241124030003_20241124033003.mp4,-9223372036854775808,-9223372036854775808,-9223372036854775808,26970,14.99332888592395,948496073,256,3,True
/lustre/isaac24/scratch/eopoku2/downey_cross_sucking_videos_2024/2 weeks post-grouping (not annotated)/Group 6 Week 2/Cam 14/N884A6_ch14_main_20241124033003_20241124040002.mp4,-9223372036854775808,-9223372036854775808,-9223372036854775808,26983,14.993970848915586,950015543,256,3,True
/lustre/isaac24/scratch/eopoku2/downey_cross_sucking_videos_2024/2 weeks post-grouping (not annotated)/Group 6 Week 2/Cam 14/N884A6_ch14_main_20241124040002_20241124043003.mp4,-9223372036854775808,-9223372036854775808,-9223372036854775808,27010,14.993560706989964,950345651,256,3,True
/lustre/isaac24/scratch/eopoku2/downey_cross_sucking_videos_2024/2 weeks post-grouping (not annotated)/Group 6 Week 2/Cam 14/N884A6_ch14_main_20241124043003_20241124050000.mp4,-9223372036854775808,-9223372036854775808,-9223372036854775808,26947,14.992794867943005,948004951,256,3,True
/lustre/isaac24/scratch/eopoku2/downey_cross_sucking_videos_2024/2 weeks post-grouping (not annotated)/Group 6 Week 2/Cam 2/N884A6_ch2_main_20241123043000_20241123050000.mp4,-9223372036854775808,-9223372036854775808,-9223372036854775808,27048,14.992766356072655,952699499,256,3,True
/lustre/isaac24/scratch/eopoku2/downey_cross_sucking_videos_2024/2 weeks post-grouping (not annotated)/Group 6 Week 2/Cam 2/N884A6_ch2_main_20241123050000_20241123053000.mp4,-9223372036854775808,-9223372036854775808,-9223372036854775808,26992,14.991557806807071,950013401,256,3,True
/lustre/isaac24/scratch/eopoku2/downey_cross_sucking_videos_2024/2 weeks post-grouping (not annotated)/Group 6 Week 2/Cam 2/N884A6_ch2_main_20241123053000_20241123060000.mp4,-9223372036854775808,-9223372036854775808,-9223372036854775808,26978,14.98985970273649,949098494,256,3,True
/lustre/isaac24/scratch/eopoku2/downey_cross_sucking_videos_2024/2 weeks post-grouping (not annotated)/Group 6 Week 2/Cam 2/N884A6_ch2_main_20241123060000_20241123063000.mp4,-9223372036854775808,-9223372036854775808,-9223372036854775808,26993,14.993945319009477,949356493,256,3,True
/lustre/isaac24/scratch/eopoku2/downey_cross_sucking_videos_2024/2 weeks post-grouping (not annotated)/Group 6 Week 2/Cam 2/N884A6_ch2_main_20241123063000_20241123070000.mp4,-9223372036854775808,-9223372036854775808,-9223372036854775808,26994,14.993251537149872,949153417,256,3,True
/lustre/isaac24/scratch/eopoku2/downey_cross_sucking_videos_2024/2 weeks post-grouping (not annotated)/Group 6 Week 2/Cam 2/N884A6_ch2_main_20241123070000_20241123073000.mp4,-9223372036854775808,-9223372036854775808,-9223372036854775808,26992,14.993806278156438,948939878,256,3,True
/lustre/isaac24/scratch/eopoku2/downey_cross_sucking_videos_2024/2 weeks post-grouping (not annotated)/Group 6 Week 2/Cam 2/N884A6_ch2_main_20241123073000_20241123080000.mp4,-9223372036854775808,-9223372036854775808,-9223372036854775808,26980,14.992720361870257,949075690,256,3,True
/lustre/isaac24/scratch/eopoku2/downey_cross_sucking_videos_2024/2 weeks post-grouping (not annotated)/Group 6 Week 2/Cam 2/N884A6_ch2_main_20241123080000_20241123083000.mp4,-9223372036854775808,-9223372036854775808,-9223372036854775808,26991,14.989920082638662,949181902,256,3,True
/lustre/isaac24/scratch/eopoku2/downey_cross_sucking_videos_2024/2 weeks post-grouping (not annotated)/Group 6 Week 2/Cam 2/N884A6_ch2_main_20241123083000_20241123090000.mp4,-9223372036854775808,-9223372036854775808,-9223372036854775808,26993,14.99003182042838,949319576,256,3,True
/lustre/isaac24/scratch/eopoku2/downey_cross_sucking_videos_2024/2 weeks post-grouping (not annotated)/Group 6 Week 2/Cam 2/N884A6_ch2_main_20241123090000_20241123093000.mp4,-9223372036854775808,-9223372036854775808,-9223372036854775808,26979,14.993581086713682,949207655,256,3,True
/lustre/isaac24/scratch/eopoku2/downey_cross_sucking_videos_2024/2 weeks post-grouping (not annotated)/Group 6 Week 2/Cam 2/N884A6_ch2_main_20241123093000_20241123100000.mp4,-9223372036854775808,-9223372036854775808,-9223372036854775808,26991,14.993583939294622,949185280,256,3,True
/lustre/isaac24/scratch/eopoku2/downey_cross_sucking_videos_2024/2 weeks post-grouping (not annotated)/Group 6 Week 2/Cam 2/N884A6_ch2_main_20241123100000_20241123103000.mp4,-9223372036854775808,-9223372036854775808,-9223372036854775808,26995,14.99330730309308,949230891,256,3,True
/lustre/isaac24/scratch/eopoku2/downey_cross_sucking_videos_2024/2 weeks post-grouping (not annotated)/Group 6 Week 2/Cam 2/N884A6_ch2_main_20241123103000_20241123110000.mp4,-9223372036854775808,-9223372036854775808,-9223372036854775808,26990,14.993444881452348,949242421,256,3,True
/lustre/isaac24/scratch/eopoku2/downey_cross_sucking_videos_2024/2 weeks post-grouping (not annotated)/Group 6 Week 2/Cam 2/N884A6_ch2_main_20241123110000_20241123113000.mp4,-9223372036854775808,-9223372036854775808,-9223372036854775808,26979,14.991164997832923,949176244,256,3,True
/lustre/isaac24/scratch/eopoku2/downey_cross_sucking_videos_2024/2 weeks post-grouping (not annotated)/Group 6 Week 2/Cam 2/N884A6_ch2_main_20241123113000_20241123120000.mp4,-9223372036854775808,-9223372036854775808,-9223372036854775808,26991,14.990586105202356,949078995,256,3,True
/lustre/isaac24/scratch/eopoku2/downey_cross_sucking_videos_2024/2 weeks post-grouping (not annotated)/Group 6 Week 2/Cam 2/N884A6_ch2_main_20241123120000_20241123123000.mp4,-9223372036854775808,-9223372036854775808,-9223372036854775808,26994,14.994084352139351,948872569,256,3,True
/lustre/isaac24/scratch/eopoku2/downey_cross_sucking_videos_2024/2 weeks post-grouping (not annotated)/Group 6 Week 2/Cam 2/N884A6_ch2_main_20241123123000_20241123130000.mp4,-9223372036854775808,-9223372036854775808,-9223372036854775808,26977,14.993802835688998,948704219,256,3,True
/lustre/isaac24/scratch/eopoku2/downey_cross_sucking_videos_2024/2 weeks post-grouping (not annotated)/Group 6 Week 2/Cam 2/N884A6_ch2_main_20241123130000_20241123133000.mp4,-9223372036854775808,-9223372036854775808,-9223372036854775808,26995,14.992474605263888,949152782,256,3,True
/lustre/isaac24/scratch/eopoku2/downey_cross_sucking_videos_2024/2 weeks post-grouping (not annotated)/Group 6 Week 2/Cam 2/N884A6_ch2_main_20241123133000_20241123140000.mp4,-9223372036854775808,-9223372036854775808,-9223372036854775808,26991,14.993667229579591,949124720,256,3,True
/lustre/isaac24/scratch/eopoku2/downey_cross_sucking_videos_2024/2 weeks post-grouping (not annotated)/Group 6 Week 2/Cam 2/N884A6_ch2_main_20241123140000_20241123143000.mp4,-9223372036854775808,-9223372036854775808,-9223372036854775808,26993,14.990198310666347,949699378,256,3,True
/lustre/isaac24/scratch/eopoku2/downey_cross_sucking_videos_2024/2 weeks post-grouping (not annotated)/Group 6 Week 2/Cam 2/N884A6_ch2_main_20241123143000_20241123150000.mp4,-9223372036854775808,-9223372036854775808,-9223372036854775808,26980,14.991137559522818,949018927,256,3,True
/lustre/isaac24/scratch/eopoku2/downey_cross_sucking_videos_2024/2 weeks post-grouping (not annotated)/Group 6 Week 2/Cam 2/N884A6_ch2_main_20241123150000_20241123153000.mp4,-9223372036854775808,-9223372036854775808,-9223372036854775808,26993,14.993945319009477,949074630,256,3,True
/lustre/isaac24/scratch/eopoku2/downey_cross_sucking_videos_2024/2 weeks post-grouping (not annotated)/Group 6 Week 2/Cam 2/N884A6_ch2_main_20241123153000_20241123160000.mp4,-9223372036854775808,-9223372036854775808,-9223372036854775808,26990,14.993444881452348,949048525,256,3,True
/lustre/isaac24/scratch/eopoku2/downey_cross_sucking_videos_2024/2 weeks post-grouping (not annotated)/Group 6 Week 2/Cam 2/N884A6_ch2_main_20241123160000_20241123163000.mp4,-9223372036854775808,-9223372036854775808,-9223372036854775808,26994,14.993584652043747,949244169,256,3,True
/lustre/isaac24/scratch/eopoku2/downey_cross_sucking_videos_2024/2 weeks post-grouping (not annotated)/Group 6 Week 2/Cam 2/N884A6_ch2_main_20241123163000_20241123170000.mp4,-9223372036854775808,-9223372036854775808,-9223372036854775808,26978,14.993025336645603,948953759,256,3,True
/lustre/isaac24/scratch/eopoku2/downey_cross_sucking_videos_2024/2 weeks post-grouping (not annotated)/Group 6 Week 2/Cam 2/N884A6_ch2_main_20241123170000_20241123173000.mp4,-9223372036854775808,-9223372036854775808,-9223372036854775808,26993,14.991030817334126,949361569,256,3,True
/lustre/isaac24/scratch/eopoku2/downey_cross_sucking_videos_2024/2 weeks post-grouping (not annotated)/Group 6 Week 2/Cam 2/N884A6_ch2_main_20241123173000_20241123180000.mp4,-9223372036854775808,-9223372036854775808,-9223372036854775808,26994,14.990920147276878,949548051,256,3,True
/lustre/isaac24/scratch/eopoku2/downey_cross_sucking_videos_2024/2 weeks post-grouping (not annotated)/Group 6 Week 2/Cam 2/N884A6_ch2_main_20241123180000_20241123183000.mp4,-9223372036854775808,-9223372036854775808,-9223372036854775808,26976,14.993997065231891,949209677,256,3,True
/lustre/isaac24/scratch/eopoku2/downey_cross_sucking_videos_2024/2 weeks post-grouping (not annotated)/Group 6 Week 2/Cam 2/N884A6_ch2_main_20241123183000_20241123190000.mp4,-9223372036854775808,-9223372036854775808,-9223372036854775808,26995,14.99414009342524,949238288,256,3,True
/lustre/isaac24/scratch/eopoku2/downey_cross_sucking_videos_2024/2 weeks post-grouping (not annotated)/Group 6 Week 2/Cam 2/N884A6_ch2_main_20241123190000_20241123193000.mp4,-9223372036854775808,-9223372036854775808,-9223372036854775808,26993,14.99386203180634,949298227,256,3,True
/lustre/isaac24/scratch/eopoku2/downey_cross_sucking_videos_2024/2 weeks post-grouping (not annotated)/Group 6 Week 2/Cam 2/N884A6_ch2_main_20241123193000_20241123200000.mp4,-9223372036854775808,-9223372036854775808,-9223372036854775808,26992,14.992806874295267,949298876,256,3,True
/lustre/isaac24/scratch/eopoku2/downey_cross_sucking_videos_2024/2 weeks post-grouping (not annotated)/Group 6 Week 2/Cam 2/N884A6_ch2_main_20241123200000_20241123203000.mp4,-9223372036854775808,-9223372036854775808,-9223372036854775808,26979,14.99124829828022,949123489,256,3,True
/lustre/isaac24/scratch/eopoku2/downey_cross_sucking_videos_2024/2 weeks post-grouping (not annotated)/Group 6 Week 2/Cam 2/N884A6_ch2_main_20241123203000_20241123210000.mp4,-9223372036854775808,-9223372036854775808,-9223372036854775808,26991,14.989587093549552,949407661,256,3,True
/lustre/isaac24/scratch/eopoku2/downey_cross_sucking_videos_2024/2 weeks post-grouping (not annotated)/Group 6 Week 2/Cam 2/N884A6_ch2_main_20241123210000_20241123213000.mp4,-9223372036854775808,-9223372036854775808,-9223372036854775808,26994,14.99366793308005,949346405,256,3,True
/lustre/isaac24/scratch/eopoku2/downey_cross_sucking_videos_2024/2 weeks post-grouping (not annotated)/Group 6 Week 2/Cam 2/N884A6_ch2_main_20241123213000_20241123220000.mp4,-9223372036854775808,-9223372036854775808,-9223372036854775808,26994,14.99366793308005,949328263,256,3,True
/lustre/isaac24/scratch/eopoku2/downey_cross_sucking_videos_2024/2 weeks post-grouping (not annotated)/Group 6 Week 2/Cam 2/N884A6_ch2_main_20241123220000_20241123223000.mp4,-9223372036854775808,-9223372036854775808,-9223372036854775808,26976,14.993663709731209,949209995,256,3,True
/lustre/isaac24/scratch/eopoku2/downey_cross_sucking_videos_2024/2 weeks post-grouping (not annotated)/Group 6 Week 2/Cam 2/N884A6_ch2_main_20241123223000_20241123230000.mp4,-9223372036854775808,-9223372036854775808,-9223372036854775808,26994,14.99266862170088,949316392,256,3,True
/lustre/isaac24/scratch/eopoku2/downey_cross_sucking_videos_2024/2 weeks post-grouping (not annotated)/Group 6 Week 2/Cam 2/N884A6_ch2_main_20241123230000_20241123233000.mp4,-9223372036854775808,-9223372036854775808,-9223372036854775808,26991,14.99041959401294,949297022,256,3,True
/lustre/isaac24/scratch/eopoku2/downey_cross_sucking_videos_2024/2 weeks post-grouping (not annotated)/Group 6 Week 2/Cam 2/N884A6_ch2_main_20241123233000_20241124000000.mp4,-9223372036854775808,-9223372036854775808,-9223372036854775808,26979,14.991331599653265,949224614,256,3,True
/lustre/isaac24/scratch/eopoku2/downey_cross_sucking_videos_2024/2 weeks post-grouping (not annotated)/Group 6 Week 2/Cam 2/N884A6_ch2_main_20241124000000_20241124003000.mp4,-9223372036854775808,-9223372036854775808,-9223372036854775808,26992,14.99330655957162,949323330,256,3,True
/lustre/isaac24/scratch/eopoku2/downey_cross_sucking_videos_2024/2 weeks post-grouping (not annotated)/Group 6 Week 2/Cam 2/N884A6_ch2_main_20241124003000_20241124010000.mp4,-9223372036854775808,-9223372036854775808,-9223372036854775808,26995,14.993806966191034,949469108,256,3,True
/lustre/isaac24/scratch/eopoku2/downey_cross_sucking_videos_2024/2 weeks post-grouping (not annotated)/Group 6 Week 2/Cam 2/N884A6_ch2_main_20241124010000_20241124013000.mp4,-9223372036854775808,-9223372036854775808,-9223372036854775808,26991,14.993667229579591,949360801,256,3,True
/lustre/isaac24/scratch/eopoku2/downey_cross_sucking_videos_2024/2 weeks post-grouping (not annotated)/Group 6 Week 2/Cam 2/N884A6_ch2_main_20241124013000_20241124020000.mp4,-9223372036854775808,-9223372036854775808,-9223372036854775808,26978,14.992108831440191,949241877,256,3,True
/lustre/isaac24/scratch/eopoku2/downey_cross_sucking_videos_2024/2 weeks post-grouping (not annotated)/Group 6 Week 2/Cam 2/N884A6_ch2_main_20241124020000_20241124023000.mp4,-9223372036854775808,-9223372036854775808,-9223372036854775808,26995,14.990642995574165,949403120,256,3,True
/lustre/isaac24/scratch/eopoku2/downey_cross_sucking_videos_2024/2 weeks post-grouping (not annotated)/Group 6 Week 2/Cam 2/N884A6_ch2_main_20241124023000_20241124030000.mp4,-9223372036854775808,-9223372036854775808,-9223372036854775808,26993,14.990614552441883,949431622,256,3,True
/lustre/isaac24/scratch/eopoku2/downey_cross_sucking_videos_2024/2 weeks post-grouping (not annotated)/Group 6 Week 2/Cam 2/N884A6_ch2_main_20241124030000_20241124033000.mp4,-9223372036854775808,-9223372036854775808,-9223372036854775808,26975,14.99260790787119,949213975,256,3,True
/lustre/isaac24/scratch/eopoku2/downey_cross_sucking_videos_2024/2 weeks post-grouping (not annotated)/Group 6 Week 2/Cam 2/N884A6_ch2_main_20241124033000_20241124040000.mp4,-9223372036854775808,-9223372036854775808,-9223372036854775808,26995,14.993806966191034,949373732,256,3,True
/lustre/isaac24/scratch/eopoku2/downey_cross_sucking_videos_2024/2 weeks post-grouping (not annotated)/Group 6 Week 2/Cam 2/N884A6_ch2_main_20241124040000_20241124043000.mp4,-9223372036854775808,-9223372036854775808,-9223372036854775808,26991,14.992834368369014,949428913,256,3,True
/lustre/isaac24/scratch/eopoku2/downey_cross_sucking_videos_2024/2 weeks post-grouping (not annotated)/Group 6 Week 2/Cam 2/N884A6_ch2_main_20241124043000_20241124050000.mp4,-9223372036854775808,-9223372036854775808,-9223372036854775808,26991,14.994083694885312,949254441,256,3,True
/lustre/isaac24/scratch/eopoku2/downey_cross_sucking_videos_2024/2 weeks post-grouping (not annotated)/Group 6 Week 2/Cam 8/N884A6_ch8_main_20241123043000_20241123050001.mp4,-9223372036854775808,-9223372036854775808,-9223372036854775808,27062,14.992797783933518,952743412,256,3,True
/lustre/isaac24/scratch/eopoku2/downey_cross_sucking_videos_2024/2 weeks post-grouping (not annotated)/Group 6 Week 2/Cam 8/N884A6_ch8_main_20241123050001_20241123053000.mp4,-9223372036854775808,-9223372036854775808,-9223372036854775808,26975,14.990774907749078,948912070,256,3,True
/lustre/isaac24/scratch/eopoku2/downey_cross_sucking_videos_2024/2 weeks post-grouping (not annotated)/Group 6 Week 2/Cam 8/N884A6_ch8_main_20241123053000_20241123060001.mp4,-9223372036854775808,-9223372036854775808,-9223372036854775808,26994,14.990920147276878,949154463,256,3,True
/lustre/isaac24/scratch/eopoku2/downey_cross_sucking_videos_2024/2 weeks post-grouping (not annotated)/Group 6 Week 2/Cam 8/N884A6_ch8_main_20241123060001_20241123063001.mp4,-9223372036854775808,-9223372036854775808,-9223372036854775808,26994,14.99366793308005,949313856,256,3,True
/lustre/isaac24/scratch/eopoku2/downey_cross_sucking_videos_2024/2 weeks post-grouping (not annotated)/Group 6 Week 2/Cam 8/N884A6_ch8_main_20241123063001_20241123070000.mp4,-9223372036854775808,-9223372036854775808,-9223372036854775808,26978,14.993525295807837,948974759,256,3,True
/lustre/isaac24/scratch/eopoku2/downey_cross_sucking_videos_2024/2 weeks post-grouping (not annotated)/Group 6 Week 2/Cam 8/N884A6_ch8_main_20241123070000_20241123073001.mp4,-9223372036854775808,-9223372036854775808,-9223372036854775808,27007,14.993393513429488,949845832,256,3,True
/lustre/isaac24/scratch/eopoku2/downey_cross_sucking_videos_2024/2 weeks post-grouping (not annotated)/Group 6 Week 2/Cam 8/N884A6_ch8_main_20241123073001_20241123080001.mp4,-9223372036854775808,-9223372036854775808,-9223372036854775808,26976,14.993663709731209,948842490,256,3,True
/lustre/isaac24/scratch/eopoku2/downey_cross_sucking_videos_2024/2 weeks post-grouping (not annotated)/Group 6 Week 2/Cam 8/N884A6_ch8_main_20241123080001_20241123083000.mp4,-9223372036854775808,-9223372036854775808,-9223372036854775808,26979,14.99124829828022,948910492,256,3,True
/lustre/isaac24/scratch/eopoku2/downey_cross_sucking_videos_2024/2 weeks post-grouping (not annotated)/Group 6 Week 2/Cam 8/N884A6_ch8_main_20241123083000_20241123090001.mp4,-9223372036854775808,-9223372036854775808,-9223372036854775808,27007,14.990064718093311,949963005,256,3,True
/lustre/isaac24/scratch/eopoku2/downey_cross_sucking_videos_2024/2 weeks post-grouping (not annotated)/Group 6 Week 2/Cam 8/N884A6_ch8_main_20241123090001_20241123093001.mp4,-9223372036854775808,-9223372036854775808,-9223372036854775808,26980,14.992970308584004,948769662,256,3,True
/lustre/isaac24/scratch/eopoku2/downey_cross_sucking_videos_2024/2 weeks post-grouping (not annotated)/Group 6 Week 2/Cam 8/N884A6_ch8_main_20241123093001_20241123100000.mp4,-9223372036854775808,-9223372036854775808,-9223372036854775808,26976,14.993663709731209,948885658,256,3,True
/lustre/isaac24/scratch/eopoku2/downey_cross_sucking_videos_2024/2 weeks post-grouping (not annotated)/Group 6 Week 2/Cam 8/N884A6_ch8_main_20241123100000_20241123103001.mp4,-9223372036854775808,-9223372036854775808,-9223372036854775808,27007,14.993809716801485,949942186,256,3,True
/lustre/isaac24/scratch/eopoku2/downey_cross_sucking_videos_2024/2 weeks post-grouping (not annotated)/Group 6 Week 2/Cam 8/N884A6_ch8_main_20241123103001_20241123110001.mp4,-9223372036854775808,-9223372036854775808,-9223372036854775808,26994,14.99316826073916,949162467,256,3,True
/lustre/isaac24/scratch/eopoku2/downey_cross_sucking_videos_2024/2 weeks post-grouping (not annotated)/Group 6 Week 2/Cam 8/N884A6_ch8_main_20241123110001_20241123113000.mp4,-9223372036854775808,-9223372036854775808,-9223372036854775808,26963,14.990187412089776,948147875,256,3,True
/lustre/isaac24/scratch/eopoku2/downey_cross_sucking_videos_2024/2 weeks post-grouping (not annotated)/Group 6 Week 2/Cam 8/N884A6_ch8_main_20241123113000_20241123120001.mp4,-9223372036854775808,-9223372036854775808,-9223372036854775808,27007,14.990979989453526,949972980,256,3,True
/lustre/isaac24/scratch/eopoku2/downey_cross_sucking_videos_2024/2 weeks post-grouping (not annotated)/Group 6 Week 2/Cam 8/N884A6_ch8_main_20241123120001_20241123123001.mp4,-9223372036854775808,-9223372036854775808,-9223372036854775808,26994,14.99366793308005,949011846,256,3,True
/lustre/isaac24/scratch/eopoku2/downey_cross_sucking_videos_2024/2 weeks post-grouping (not annotated)/Group 6 Week 2/Cam 8/N884A6_ch8_main_20241123123001_20241123130000.mp4,-9223372036854775808,-9223372036854775808,-9223372036854775808,26960,14.99393791085948,947943614,256,3,True
/lustre/isaac24/scratch/eopoku2/downey_cross_sucking_videos_2024/2 weeks post-grouping (not annotated)/Group 6 Week 2/Cam 8/N884A6_ch8_main_20241123130000_20241123133001.mp4,-9223372036854775808,-9223372036854775808,-9223372036854775808,27011,14.99386612044608,949920647,256,3,True
/lustre/isaac24/scratch/eopoku2/downey_cross_sucking_videos_2024/2 weeks post-grouping (not annotated)/Group 6 Week 2/Cam 8/N884A6_ch8_main_20241123133001_20241123140001.mp4,-9223372036854775808,-9223372036854775808,-9223372036854775808,26993,14.993029210662252,948997680,256,3,True
/lustre/isaac24/scratch/eopoku2/downey_cross_sucking_videos_2024/2 weeks post-grouping (not annotated)/Group 6 Week 2/Cam 8/N884A6_ch8_main_20241123140001_20241123143000.mp4,-9223372036854775808,-9223372036854775808,-9223372036854775808,26977,14.99005367680562,948737996,256,3,True
/lustre/isaac24/scratch/eopoku2/downey_cross_sucking_videos_2024/2 weeks post-grouping (not annotated)/Group 6 Week 2/Cam 8/N884A6_ch8_main_20241123143000_20241123150001.mp4,-9223372036854775808,-9223372036854775808,-9223372036854775808,26994,14.990420658059142,948994378,256,3,True
/lustre/isaac24/scratch/eopoku2/downey_cross_sucking_videos_2024/2 weeks post-grouping (not annotated)/Group 6 Week 2/Cam 8/N884A6_ch8_main_20241123150001_20241123153001.mp4,-9223372036854775808,-9223372036854775808,-9223372036854775808,26992,14.992973432353317,949050084,256,3,True
/lustre/isaac24/scratch/eopoku2/downey_cross_sucking_videos_2024/2 weeks post-grouping (not annotated)/Group 6 Week 2/Cam 8/N884A6_ch8_main_20241123153001_20241123160000.mp4,-9223372036854775808,-9223372036854775808,-9223372036854775808,26970,14.99324553454784,947938062,256,3,True
/lustre/isaac24/scratch/eopoku2/downey_cross_sucking_videos_2024/2 weeks post-grouping (not annotated)/Group 6 Week 2/Cam 8/N884A6_ch8_main_20241123160000_20241123163001.mp4,-9223372036854775808,-9223372036854775808,-9223372036854775808,27016,14.993894993894994,950637277,256,3,True
/lustre/isaac24/scratch/eopoku2/downey_cross_sucking_videos_2024/2 weeks post-grouping (not annotated)/Group 6 Week 2/Cam 8/N884A6_ch8_main_20241123163001_20241123170001.mp4,-9223372036854775808,-9223372036854775808,-9223372036854775808,26979,14.994081064408023,948777749,256,3,True
/lustre/isaac24/scratch/eopoku2/downey_cross_sucking_videos_2024/2 weeks post-grouping (not annotated)/Group 6 Week 2/Cam 8/N884A6_ch8_main_20241123170001_20241123173000.mp4,-9223372036854775808,-9223372036854775808,-9223372036854775808,26970,14.990995397647689,948223642,256,3,True
/lustre/isaac24/scratch/eopoku2/downey_cross_sucking_videos_2024/2 weeks post-grouping (not annotated)/Group 6 Week 2/Cam 8/N884A6_ch8_main_20241123173000_20241123180001.mp4,-9223372036854775808,-9223372036854775808,-9223372036854775808,27013,14.990649226688271,950854315,256,3,True
/lustre/isaac24/scratch/eopoku2/downey_cross_sucking_videos_2024/2 weeks post-grouping (not annotated)/Group 6 Week 2/Cam 8/N884A6_ch8_main_20241123180001_20241123183001.mp4,-9223372036854775808,-9223372036854775808,-9223372036854775808,26978,14.992692049060526,949024572,256,3,True
/lustre/isaac24/scratch/eopoku2/downey_cross_sucking_videos_2024/2 weeks post-grouping (not annotated)/Group 6 Week 2/Cam 8/N884A6_ch8_main_20241123183001_20241123190000.mp4,-9223372036854775808,-9223372036854775808,-9223372036854775808,26978,14.993525295807837,948949703,256,3,True
/lustre/isaac24/scratch/eopoku2/downey_cross_sucking_videos_2024/2 weeks post-grouping (not annotated)/Group 6 Week 2/Cam 8/N884A6_ch8_main_20241123190000_20241123193001.mp4,-9223372036854775808,-9223372036854775808,-9223372036854775808,27007,14.993809716801485,950034684,256,3,True
/lustre/isaac24/scratch/eopoku2/downey_cross_sucking_videos_2024/2 weeks post-grouping (not annotated)/Group 6 Week 2/Cam 8/N884A6_ch8_main_20241123193001_20241123200001.mp4,-9223372036854775808,-9223372036854775808,-9223372036854775808,26993,14.993945319009477,949206175,256,3,True
/lustre/isaac24/scratch/eopoku2/downey_cross_sucking_videos_2024/2 weeks post-grouping (not annotated)/Group 6 Week 2/Cam 8/N884A6_ch8_main_20241123200001_20241123203000.mp4,-9223372036854775808,-9223372036854775808,-9223372036854775808,26963,14.990354091032918,948805373,256,3,True
/lustre/isaac24/scratch/eopoku2/downey_cross_sucking_videos_2024/2 weeks post-grouping (not annotated)/Group 6 Week 2/Cam 8/N884A6_ch8_main_20241123203000_20241123210001.mp4,-9223372036854775808,-9223372036854775808,-9223372036854775808,27006,14.989010501076748,950016538,256,3,True
/lustre/isaac24/scratch/eopoku2/downey_cross_sucking_videos_2024/2 weeks post-grouping (not annotated)/Group 6 Week 2/Cam 8/N884A6_ch8_main_20241123210001_20241123213001.mp4,-9223372036854775808,-9223372036854775808,-9223372036854775808,26994,14.99366793308005,949269588,256,3,True
/lustre/isaac24/scratch/eopoku2/downey_cross_sucking_videos_2024/2 weeks post-grouping (not annotated)/Group 6 Week 2/Cam 8/N884A6_ch8_main_20241123213001_20241123220000.mp4,-9223372036854775808,-9223372036854775808,-9223372036854775808,26978,14.993941953914389,949064536,256,3,True
/lustre/isaac24/scratch/eopoku2/downey_cross_sucking_videos_2024/2 weeks post-grouping (not annotated)/Group 6 Week 2/Cam 8/N884A6_ch8_main_20241123220000_20241123223001.mp4,-9223372036854775808,-9223372036854775808,-9223372036854775808,26991,14.993667229579591,949301755,256,3,True
/lustre/isaac24/scratch/eopoku2/downey_cross_sucking_videos_2024/2 weeks post-grouping (not annotated)/Group 6 Week 2/Cam 8/N884A6_ch8_main_20241123223001_20241123230001.mp4,-9223372036854775808,-9223372036854775808,-9223372036854775808,26992,14.993806278156438,949195610,256,3,True
/lustre/isaac24/scratch/eopoku2/downey_cross_sucking_videos_2024/2 weeks post-grouping (not annotated)/Group 6 Week 2/Cam 8/N884A6_ch8_main_20241123230001_20241123233000.mp4,-9223372036854775808,-9223372036854775808,-9223372036854775808,26978,14.990359450794305,948917980,256,3,True
/lustre/isaac24/scratch/eopoku2/downey_cross_sucking_videos_2024/2 weeks post-grouping (not annotated)/Group 6 Week 2/Cam 8/N884A6_ch8_main_20241123233000_20241124000000.mp4,-9223372036854775808,-9223372036854775808,-9223372036854775808,26978,14.991109135363414,949051255,256,3,True
/lustre/isaac24/scratch/eopoku2/downey_cross_sucking_videos_2024/2 weeks post-grouping (not annotated)/Group 6 Week 2/Cam 8/N884A6_ch8_main_20241124000000_20241124003001.mp4,-9223372036854775808,-9223372036854775808,-9223372036854775808,27007,14.992977333163086,950085597,256,3,True
/lustre/isaac24/scratch/eopoku2/downey_cross_sucking_videos_2024/2 weeks post-grouping (not annotated)/Group 6 Week 2/Cam 8/N884A6_ch8_main_20241124003001_20241124010000.mp4,-9223372036854775808,-9223372036854775808,-9223372036854775808,26978,14.993525295807837,949033077,256,3,True
/lustre/isaac24/scratch/eopoku2/downey_cross_sucking_videos_2024/2 weeks post-grouping (not annotated)/Group 6 Week 2/Cam 8/N884A6_ch8_main_20241124010000_20241124013001.mp4,-9223372036854775808,-9223372036854775808,-9223372036854775808,27007,14.993809716801485,950082065,256,3,True
/lustre/isaac24/scratch/eopoku2/downey_cross_sucking_videos_2024/2 weeks post-grouping (not annotated)/Group 6 Week 2/Cam 8/N884A6_ch8_main_20241124013001_20241124020001.mp4,-9223372036854775808,-9223372036854775808,-9223372036854775808,26977,14.993052853887622,949015229,256,3,True
/lustre/isaac24/scratch/eopoku2/downey_cross_sucking_videos_2024/2 weeks post-grouping (not annotated)/Group 6 Week 2/Cam 8/N884A6_ch8_main_20241124020001_20241124023000.mp4,-9223372036854775808,-9223372036854775808,-9223372036854775808,26979,14.990831805300884,949137079,256,3,True
/lustre/isaac24/scratch/eopoku2/downey_cross_sucking_videos_2024/2 weeks post-grouping (not annotated)/Group 6 Week 2/Cam 8/N884A6_ch8_main_20241124023000_20241124030001.mp4,-9223372036854775808,-9223372036854775808,-9223372036854775808,27006,14.990508120829956,950186307,256,3,True
/lustre/isaac24/scratch/eopoku2/downey_cross_sucking_videos_2024/2 weeks post-grouping (not annotated)/Group 6 Week 2/Cam 8/N884A6_ch8_main_20241124030001_20241124033001.mp4,-9223372036854775808,-9223372036854775808,-9223372036854775808,26979,14.993664414013873,949093346,256,3,True
/lustre/isaac24/scratch/eopoku2/downey_cross_sucking_videos_2024/2 weeks post-grouping (not annotated)/Group 6 Week 2/Cam 8/N884A6_ch8_main_20241124033001_20241124040000.mp4,-9223372036854775808,-9223372036854775808,-9223372036854775808,26977,14.993386169869837,949130051,256,3,True
/lustre/isaac24/scratch/eopoku2/downey_cross_sucking_videos_2024/2 weeks post-grouping (not annotated)/Group 6 Week 2/Cam 8/N884A6_ch8_main_20241124040000_20241124043001.mp4,-9223372036854775808,-9223372036854775808,-9223372036854775808,27006,14.993670745519552,950158165,256,3,True
/lustre/isaac24/scratch/eopoku2/downey_cross_sucking_videos_2024/2 weeks post-grouping (not annotated)/Group 6 Week 2/Cam 8/N884A6_ch8_main_20241124043001_20241124050000.mp4,-9223372036854775808,-9223372036854775808,-9223372036854775808,26977,14.993386169869837,948908310,256,3,True
/lustre/isaac24/scratch/eopoku2/downey_cross_sucking_videos_2024/2 weeks post-grouping (not annotated)/Group 6 Week 2/Cam 12/N884A6_ch12_main_20241123043000_20241123050002.mp4,-9223372036854775808,-9223372036854775808,-9223372036854775808,27070,14.993990218180006,953558563,256,3,True
/lustre/isaac24/scratch/eopoku2/downey_cross_sucking_videos_2024/2 weeks post-grouping (not annotated)/Group 6 Week 2/Cam 12/N884A6_ch12_main_20241123050002_20241123053001.mp4,-9223372036854775808,-9223372036854775808,-9223372036854775808,26978,14.990526040885271,949148691,256,3,True
/lustre/isaac24/scratch/eopoku2/downey_cross_sucking_videos_2024/2 weeks post-grouping (not annotated)/Group 6 Week 2/Cam 12/N884A6_ch12_main_20241123053001_20241123060002.mp4,-9223372036854775808,-9223372036854775808,-9223372036854775808,26993,14.989532371903442,949287967,256,3,True
/lustre/isaac24/scratch/eopoku2/downey_cross_sucking_videos_2024/2 weeks post-grouping (not annotated)/Group 6 Week 2/Cam 12/N884A6_ch12_main_20241123060002_20241123063002.mp4,-9223372036854775808,-9223372036854775808,-9223372036854775808,26991,14.99383381292566,949364149,256,3,True
/lustre/isaac24/scratch/eopoku2/downey_cross_sucking_videos_2024/2 weeks post-grouping (not annotated)/Group 6 Week 2/Cam 12/N884A6_ch12_main_20241123063002_20241123070001.mp4,-9223372036854775808,-9223372036854775808,-9223372036854775808,26977,14.993052853887622,948971218,256,3,True
/lustre/isaac24/scratch/eopoku2/downey_cross_sucking_videos_2024/2 weeks post-grouping (not annotated)/Group 6 Week 2/Cam 12/N884A6_ch12_main_20241123070001_20241123073002.mp4,-9223372036854775808,-9223372036854775808,-9223372036854775808,27010,14.993477476477285,949987136,256,3,True
/lustre/isaac24/scratch/eopoku2/downey_cross_sucking_videos_2024/2 weeks post-grouping (not annotated)/Group 6 Week 2/Cam 12/N884A6_ch12_main_20241123073002_20241123080002.mp4,-9223372036854775808,-9223372036854775808,-9223372036854775808,26976,14.993747047216742,948846154,256,3,True
/lustre/isaac24/scratch/eopoku2/downey_cross_sucking_videos_2024/2 weeks post-grouping (not annotated)/Group 6 Week 2/Cam 12/N884A6_ch12_main_20241123080002_20241123083001.mp4,-9223372036854775808,-9223372036854775808,-9223372036854775808,26979,14.990581920621429,948855745,256,3,True
/lustre/isaac24/scratch/eopoku2/downey_cross_sucking_videos_2024/2 weeks post-grouping (not annotated)/Group 6 Week 2/Cam 12/N884A6_ch12_main_20241123083001_20241123090002.mp4,-9223372036854775808,-9223372036854775808,-9223372036854775808,27007,14.990979989453526,950260331,256,3,True
/lustre/isaac24/scratch/eopoku2/downey_cross_sucking_videos_2024/2 weeks post-grouping (not annotated)/Group 6 Week 2/Cam 12/N884A6_ch12_main_20241123090002_20241123093002.mp4,-9223372036854775808,-9223372036854775808,-9223372036854775808,26970,14.992912138310588,948133971,256,3,True
/lustre/isaac24/scratch/eopoku2/downey_cross_sucking_videos_2024/2 weeks post-grouping (not annotated)/Group 6 Week 2/Cam 12/N884A6_ch12_main_20241123093002_20241123100001.mp4,-9223372036854775808,-9223372036854775808,-9223372036854775808,26986,14.993471678195403,949904407,256,3,True
/lustre/isaac24/scratch/eopoku2/downey_cross_sucking_videos_2024/2 weeks post-grouping (not annotated)/Group 6 Week 2/Cam 12/N884A6_ch12_main_20241123100001_20241123103002.mp4,-9223372036854775808,-9223372036854775808,-9223372036854775808,27007,14.993476752255376,949995124,256,3,True
/lustre/isaac24/scratch/eopoku2/downey_cross_sucking_videos_2024/2 weeks post-grouping (not annotated)/Group 6 Week 2/Cam 12/N884A6_ch12_main_20241123103002_20241123110002.mp4,-9223372036854775808,-9223372036854775808,-9223372036854775808,26994,14.992002488114808,949407749,256,3,True
/lustre/isaac24/scratch/eopoku2/downey_cross_sucking_videos_2024/2 weeks post-grouping (not annotated)/Group 6 Week 2/Cam 12/N884A6_ch12_main_20241123110002_20241123113001.mp4,-9223372036854775808,-9223372036854775808,-9223372036854775808,26963,14.991270891481058,948040226,256,3,True
/lustre/isaac24/scratch/eopoku2/downey_cross_sucking_videos_2024/2 weeks post-grouping (not annotated)/Group 6 Week 2/Cam 12/N884A6_ch12_main_20241123113001_20241123120002.mp4,-9223372036854775808,-9223372036854775808,-9223372036854775808,27006,14.99017529057827,950289256,256,3,True
/lustre/isaac24/scratch/eopoku2/downey_cross_sucking_videos_2024/2 weeks post-grouping (not annotated)/Group 6 Week 2/Cam 12/N884A6_ch12_main_20241123120002_20241123123002.mp4,-9223372036854775808,-9223372036854775808,-9223372036854775808,26991,14.993750520789934,948526281,256,3,True
/lustre/isaac24/scratch/eopoku2/downey_cross_sucking_videos_2024/2 weeks post-grouping (not annotated)/Group 6 Week 2/Cam 12/N884A6_ch12_main_20241123123002_20241123130001.mp4,-9223372036854775808,-9223372036854775808,-9223372036854775808,26964,14.99332740213523,947507577,256,3,True
/lustre/isaac24/scratch/eopoku2/downey_cross_sucking_videos_2024/2 weeks post-grouping (not annotated)/Group 6 Week 2/Cam 12/N884A6_ch12_main_20241123130001_20241123133002.mp4,-9223372036854775808,-9223372036854775808,-9223372036854775808,27006,14.99275511167121,950124493,256,3,True
/lustre/isaac24/scratch/eopoku2/downey_cross_sucking_videos_2024/2 weeks post-grouping (not annotated)/Group 6 Week 2/Cam 12/N884A6_ch12_main_20241123133002_20241123140002.mp4,-9223372036854775808,-9223372036854775808,-9223372036854775808,26992,14.992557044146729,948743786,256,3,True
/lustre/isaac24/scratch/eopoku2/downey_cross_sucking_videos_2024/2 weeks post-grouping (not annotated)/Group 6 Week 2/Cam 12/N884A6_ch12_main_20241123140002_20241123143001.mp4,-9223372036854775808,-9223372036854775808,-9223372036854775808,26975,14.98952539189482,948752285,256,3,True
/lustre/isaac24/scratch/eopoku2/downey_cross_sucking_videos_2024/2 weeks post-grouping (not annotated)/Group 6 Week 2/Cam 12/N884A6_ch12_main_20241123143001_20241123150002.mp4,-9223372036854775808,-9223372036854775808,-9223372036854775808,26994,14.991919225578568,949484885,256,3,True
/lustre/isaac24/scratch/eopoku2/downey_cross_sucking_videos_2024/2 weeks post-grouping (not annotated)/Group 6 Week 2/Cam 12/N884A6_ch12_main_20241123150002_20241123153002.mp4,-9223372036854775808,-9223372036854775808,-9223372036854775808,26993,14.993945319009477,949179743,256,3,True
/lustre/isaac24/scratch/eopoku2/downey_cross_sucking_videos_2024/2 weeks post-grouping (not annotated)/Group 6 Week 2/Cam 12/N884A6_ch12_main_20241123153002_20241123160001.mp4,-9223372036854775808,-9223372036854775808,-9223372036854775808,26978,14.993608625576613,948942949,256,3,True
/lustre/isaac24/scratch/eopoku2/downey_cross_sucking_videos_2024/2 weeks post-grouping (not annotated)/Group 6 Week 2/Cam 12/N884A6_ch12_main_20241123160001_20241123163002.mp4,-9223372036854775808,-9223372036854775808,-9223372036854775808,27007,14.992810867525662,950068256,256,3,True
/lustre/isaac24/scratch/eopoku2/downey_cross_sucking_videos_2024/2 weeks post-grouping (not annotated)/Group 6 Week 2/Cam 12/N884A6_ch12_main_20241123163002_20241123170002.mp4,-9223372036854775808,-9223372036854775808,-9223372036854775808,26978,14.99335863904898,948982470,256,3,True
/lustre/isaac24/scratch/eopoku2/downey_cross_sucking_videos_2024/2 weeks post-grouping (not annotated)/Group 6 Week 2/Cam 12/N884A6_ch12_main_20241123170002_20241123173001.mp4,-9223372036854775808,-9223372036854775808,-9223372036854775808,26978,14.990526040885271,949086058,256,3,True
/lustre/isaac24/scratch/eopoku2/downey_cross_sucking_videos_2024/2 weeks post-grouping (not annotated)/Group 6 Week 2/Cam 12/N884A6_ch12_main_20241123173001_20241123180002.mp4,-9223372036854775808,-9223372036854775808,-9223372036854775808,27008,14.99037015246796,950212144,256,3,True
/lustre/isaac24/scratch/eopoku2/downey_cross_sucking_videos_2024/2 weeks post-grouping (not annotated)/Group 6 Week 2/Cam 12/N884A6_ch12_main_20241123180002_20241123183002.mp4,-9223372036854775808,-9223372036854775808,-9223372036854775808,26978,14.992942013360157,949134476,256,3,True
/lustre/isaac24/scratch/eopoku2/downey_cross_sucking_videos_2024/2 weeks post-grouping (not annotated)/Group 6 Week 2/Cam 12/N884A6_ch12_main_20241123183002_20241123190001.mp4,-9223372036854775808,-9223372036854775808,-9223372036854775808,26978,14.993608625576613,949086609,256,3,True
/lustre/isaac24/scratch/eopoku2/downey_cross_sucking_videos_2024/2 weeks post-grouping (not annotated)/Group 6 Week 2/Cam 12/N884A6_ch12_main_20241123190001_20241123193002.mp4,-9223372036854775808,-9223372036854775808,-9223372036854775808,27006,14.993337774816789,950149925,256,3,True
/lustre/isaac24/scratch/eopoku2/downey_cross_sucking_videos_2024/2 weeks post-grouping (not annotated)/Group 6 Week 2/Cam 12/N884A6_ch12_main_20241123193002_20241123200002.mp4,-9223372036854775808,-9223372036854775808,-9223372036854775808,26991,14.9924179724603,949263829,256,3,True
/lustre/isaac24/scratch/eopoku2/downey_cross_sucking_videos_2024/2 weeks post-grouping (not annotated)/Group 6 Week 2/Cam 12/N884A6_ch12_main_20241123200002_20241123203001.mp4,-9223372036854775808,-9223372036854775808,-9223372036854775808,26963,14.99102084387388,948195462,256,3,True
/lustre/isaac24/scratch/eopoku2/downey_cross_sucking_videos_2024/2 weeks post-grouping (not annotated)/Group 6 Week 2/Cam 12/N884A6_ch12_main_20241123203001_20241123210002.mp4,-9223372036854775808,-9223372036854775808,-9223372036854775808,27009,14.989926795833078,950219053,256,3,True
/lustre/isaac24/scratch/eopoku2/downey_cross_sucking_videos_2024/2 weeks post-grouping (not annotated)/Group 6 Week 2/Cam 12/N884A6_ch12_main_20241123210002_20241123213002.mp4,-9223372036854775808,-9223372036854775808,-9223372036854775808,26991,14.993750520789934,949380780,256,3,True
/lustre/isaac24/scratch/eopoku2/downey_cross_sucking_videos_2024/2 weeks post-grouping (not annotated)/Group 6 Week 2/Cam 12/N884A6_ch12_main_20241123213002_20241123220001.mp4,-9223372036854775808,-9223372036854775808,-9223372036854775808,26978,14.993608625576613,949186240,256,3,True
/lustre/isaac24/scratch/eopoku2/downey_cross_sucking_videos_2024/2 weeks post-grouping (not annotated)/Group 6 Week 2/Cam 12/N884A6_ch12_main_20241123220001_20241123223002.mp4,-9223372036854775808,-9223372036854775808,-9223372036854775808,26994,14.99375121504152,949468934,256,3,True
/lustre/isaac24/scratch/eopoku2/downey_cross_sucking_videos_2024/2 weeks post-grouping (not annotated)/Group 6 Week 2/Cam 12/N884A6_ch12_main_20241123223002_20241123230002.mp4,-9223372036854775808,-9223372036854775808,-9223372036854775808,26991,14.99333407399178,949310685,256,3,True
/lustre/isaac24/scratch/eopoku2/downey_cross_sucking_videos_2024/2 weeks post-grouping (not annotated)/Group 6 Week 2/Cam 12/N884A6_ch12_main_20241123230002_20241123233001.mp4,-9223372036854775808,-9223372036854775808,-9223372036854775808,26978,14.989776414633065,949075961,256,3,True
/lustre/isaac24/scratch/eopoku2/downey_cross_sucking_videos_2024/2 weeks post-grouping (not annotated)/Group 6 Week 2/Cam 12/N884A6_ch12_main_20241123233001_20241124000000.mp4,-9223372036854775808,-9223372036854775808,-9223372036854775808,26963,14.989854065323142,948322283,256,3,True
/lustre/isaac24/scratch/eopoku2/downey_cross_sucking_videos_2024/2 weeks post-grouping (not annotated)/Group 6 Week 2/Cam 12/N884A6_ch12_main_20241124000000_20241124003002.mp4,-9223372036854775808,-9223372036854775808,-9223372036854775808,27022,14.993480371757526,950460112,256,3,True
/lustre/isaac24/scratch/eopoku2/downey_cross_sucking_videos_2024/2 weeks post-grouping (not annotated)/Group 6 Week 2/Cam 12/N884A6_ch12_main_20241124003002_20241124010001.mp4,-9223372036854775808,-9223372036854775808,-9223372036854775808,26979,14.993747742240254,949229220,256,3,True
/lustre/isaac24/scratch/eopoku2/downey_cross_sucking_videos_2024/2 weeks post-grouping (not annotated)/Group 6 Week 2/Cam 12/N884A6_ch12_main_20241124010001_20241124013002.mp4,-9223372036854775808,-9223372036854775808,-9223372036854775808,27006,14.993337774816789,950322759,256,3,True
/lustre/isaac24/scratch/eopoku2/downey_cross_sucking_videos_2024/2 weeks post-grouping (not annotated)/Group 6 Week 2/Cam 12/N884A6_ch12_main_20241124013002_20241124020002.mp4,-9223372036854775808,-9223372036854775808,-9223372036854775808,26978,14.993608625576613,949133615,256,3,True
/lustre/isaac24/scratch/eopoku2/downey_cross_sucking_videos_2024/2 weeks post-grouping (not annotated)/Group 6 Week 2/Cam 12/N884A6_ch12_main_20241124020002_20241124023001.mp4,-9223372036854775808,-9223372036854775808,-9223372036854775808,26978,14.990109572600185,949304433,256,3,True
/lustre/isaac24/scratch/eopoku2/downey_cross_sucking_videos_2024/2 weeks post-grouping (not annotated)/Group 6 Week 2/Cam 12/N884A6_ch12_main_20241124023001_20241124030002.mp4,-9223372036854775808,-9223372036854775808,-9223372036854775808,27007,14.990231122754825,950214856,256,3,True
/lustre/isaac24/scratch/eopoku2/downey_cross_sucking_videos_2024/2 weeks post-grouping (not annotated)/Group 6 Week 2/Cam 12/N884A6_ch12_main_20241124030002_20241124033002.mp4,-9223372036854775808,-9223372036854775808,-9223372036854775808,26978,14.993191985994942,949228266,256,3,True
/lustre/isaac24/scratch/eopoku2/downey_cross_sucking_videos_2024/2 weeks post-grouping (not annotated)/Group 6 Week 2/Cam 12/N884A6_ch12_main_20241124033002_20241124040001.mp4,-9223372036854775808,-9223372036854775808,-9223372036854775808,26970,14.992912138310588,948525865,256,3,True
/lustre/isaac24/scratch/eopoku2/downey_cross_sucking_videos_2024/2 weeks post-grouping (not annotated)/Group 6 Week 2/Cam 12/N884A6_ch12_main_20241124040001_20241124043002.mp4,-9223372036854775808,-9223372036854775808,-9223372036854775808,27014,14.994033247301084,950963771,256,3,True
/lustre/isaac24/scratch/eopoku2/downey_cross_sucking_videos_2024/2 weeks post-grouping (not annotated)/Group 6 Week 2/Cam 12/N884A6_ch12_main_20241124043002_20241124050000.mp4,-9223372036854775808,-9223372036854775808,-9223372036854775808,26960,14.993270824296218,948170615,256,3,True
/lustre/isaac24/scratch/eopoku2/downey_cross_sucking_videos_2024/2 weeks post-grouping (not annotated)/Group 2 Week 2/Cam 9/N884A6_ch9_main_20240731043000_20240731050003.mp4,-9223372036854775808,-9223372036854775808,-9223372036854775808,27062,14.989476016395258,952296802,256,3,True
/lustre/isaac24/scratch/eopoku2/downey_cross_sucking_videos_2024/2 weeks post-grouping (not annotated)/Group 2 Week 2/Cam 9/N884A6_ch9_main_20240731050003_20240731053003.mp4,-9223372036854775808,-9223372036854775808,-9223372036854775808,26992,14.992973432353317,949427647,256,3,True
/lustre/isaac24/scratch/eopoku2/downey_cross_sucking_videos_2024/2 weeks post-grouping (not annotated)/Group 2 Week 2/Cam 9/N884A6_ch9_main_20240731053003_20240731060003.mp4,-9223372036854775808,-9223372036854775808,-9223372036854775808,26993,14.993528892246337,949377930,256,3,True
/lustre/isaac24/scratch/eopoku2/downey_cross_sucking_videos_2024/2 weeks post-grouping (not annotated)/Group 2 Week 2/Cam 9/N884A6_ch9_main_20240731060003_20240731063003.mp4,-9223372036854775808,-9223372036854775808,-9223372036854775808,26991,14.992917650326344,949135876,256,3,True
/lustre/isaac24/scratch/eopoku2/downey_cross_sucking_videos_2024/2 weeks post-grouping (not annotated)/Group 2 Week 2/Cam 9/N884A6_ch9_main_20240731063003_20240731070003.mp4,-9223372036854775808,-9223372036854775808,-9223372036854775808,26977,14.992969527207652,949165134,256,3,True
/lustre/isaac24/scratch/eopoku2/downey_cross_sucking_videos_2024/2 weeks post-grouping (not annotated)/Group 2 Week 2/Cam 9/N884A6_ch9_main_20240731070003_20240731073003.mp4,-9223372036854775808,-9223372036854775808,-9223372036854775808,26993,14.99252956238232,949248055,256,3,True
/lustre/isaac24/scratch/eopoku2/downey_cross_sucking_videos_2024/2 weeks post-grouping (not annotated)/Group 2 Week 2/Cam 9/N884A6_ch9_main_20240731073003_20240731080003.mp4,-9223372036854775808,-9223372036854775808,-9223372036854775808,26993,14.987534910578946,949320871,256,3,True
/lustre/isaac24/scratch/eopoku2/downey_cross_sucking_videos_2024/2 weeks post-grouping (not annotated)/Group 2 Week 2/Cam 9/N884A6_ch9_main_20240731080003_20240731083003.mp4,-9223372036854775808,-9223372036854775808,-9223372036854775808,26993,14.993528892246337,949216403,256,3,True
/lustre/isaac24/scratch/eopoku2/downey_cross_sucking_videos_2024/2 weeks post-grouping (not annotated)/Group 2 Week 2/Cam 9/N884A6_ch9_main_20240731083003_20240731090003.mp4,-9223372036854775808,-9223372036854775808,-9223372036854775808,26975,14.993107894795347,949221637,256,3,True
/lustre/isaac24/scratch/eopoku2/downey_cross_sucking_videos_2024/2 weeks post-grouping (not annotated)/Group 2 Week 2/Cam 9/N884A6_ch9_main_20240731090003_20240731093003.mp4,-9223372036854775808,-9223372036854775808,-9223372036854775808,26994,14.99375121504152,948985803,256,3,True
/lustre/isaac24/scratch/eopoku2/downey_cross_sucking_videos_2024/2 weeks post-grouping (not annotated)/Group 2 Week 2/Cam 9/N884A6_ch9_main_20240731093003_20240731100003.mp4,-9223372036854775808,-9223372036854775808,-9223372036854775808,26992,14.993806278156438,949191946,256,3,True
/lustre/isaac24/scratch/eopoku2/downey_cross_sucking_videos_2024/2 weeks post-grouping (not annotated)/Group 2 Week 2/Cam 9/N884A6_ch9_main_20240731100003_20240731103004.mp4,-9223372036854775808,-9223372036854775808,-9223372036854775808,26993,14.991780152400418,949217140,256,3,True
/lustre/isaac24/scratch/eopoku2/downey_cross_sucking_videos_2024/2 weeks post-grouping (not annotated)/Group 2 Week 2/Cam 9/N884A6_ch9_main_20240731103004_20240731110003.mp4,-9223372036854775808,-9223372036854775808,-9223372036854775808,26971,14.98938499672102,948821612,256,3,True
/lustre/isaac24/scratch/eopoku2/downey_cross_sucking_videos_2024/2 weeks post-grouping (not annotated)/Group 2 Week 2/Cam 9/N884A6_ch9_main_20240731110003_20240731113003.mp4,-9223372036854775808,-9223372036854775808,-9223372036854775808,26999,14.994029933635076,949732552,256,3,True
/lustre/isaac24/scratch/eopoku2/downey_cross_sucking_videos_2024/2 weeks post-grouping (not annotated)/Group 2 Week 2/Cam 9/N884A6_ch9_main_20240731113003_20240731120003.mp4,-9223372036854775808,-9223372036854775808,-9223372036854775808,26993,14.993112488613388,948908054,256,3,True
/lustre/isaac24/scratch/eopoku2/downey_cross_sucking_videos_2024/2 weeks post-grouping (not annotated)/Group 2 Week 2/Cam 9/N884A6_ch9_main_20240731120003_20240731123003.mp4,-9223372036854775808,-9223372036854775808,-9223372036854775808,26992,14.993889567825796,948969511,256,3,True
/lustre/isaac24/scratch/eopoku2/downey_cross_sucking_videos_2024/2 weeks post-grouping (not annotated)/Group 2 Week 2/Cam 9/N884A6_ch9_main_20240731123003_20240731130003.mp4,-9223372036854775808,-9223372036854775808,-9223372036854775808,26978,14.993108660857194,949415100,256,3,True
/lustre/isaac24/scratch/eopoku2/downey_cross_sucking_videos_2024/2 weeks post-grouping (not annotated)/Group 2 Week 2/Cam 9/N884A6_ch9_main_20240731130003_20240731133003.mp4,-9223372036854775808,-9223372036854775808,-9223372036854775808,26992,14.992557044146729,949381276,256,3,True
/lustre/isaac24/scratch/eopoku2/downey_cross_sucking_videos_2024/2 weeks post-grouping (not annotated)/Group 2 Week 2/Cam 9/N884A6_ch9_main_20240731133003_20240731140003.mp4,-9223372036854775808,-9223372036854775808,-9223372036854775808,26992,14.987645409367278,949490926,256,3,True
/lustre/isaac24/scratch/eopoku2/downey_cross_sucking_videos_2024/2 weeks post-grouping (not annotated)/Group 2 Week 2/Cam 9/N884A6_ch9_main_20240731140003_20240731143003.mp4,-9223372036854775808,-9223372036854775808,-9223372036854775808,26991,14.993250787408137,949430472,256,3,True
/lustre/isaac24/scratch/eopoku2/downey_cross_sucking_videos_2024/2 weeks post-grouping (not annotated)/Group 2 Week 2/Cam 9/N884A6_ch9_main_20240731143003_20240731150003.mp4,-9223372036854775808,-9223372036854775808,-9223372036854775808,26981,14.993526015415307,949245272,256,3,True
/lustre/isaac24/scratch/eopoku2/downey_cross_sucking_videos_2024/2 weeks post-grouping (not annotated)/Group 2 Week 2/Cam 9/N884A6_ch9_main_20240731150003_20240731153003.mp4,-9223372036854775808,-9223372036854775808,-9223372036854775808,26991,14.99333407399178,949361578,256,3,True
/lustre/isaac24/scratch/eopoku2/downey_cross_sucking_videos_2024/2 weeks post-grouping (not annotated)/Group 2 Week 2/Cam 9/N884A6_ch9_main_20240731153003_20240731160003.mp4,-9223372036854775808,-9223372036854775808,-9223372036854775808,26993,14.993945319009477,949421497,256,3,True
/lustre/isaac24/scratch/eopoku2/downey_cross_sucking_videos_2024/2 weeks post-grouping (not annotated)/Group 2 Week 2/Cam 9/N884A6_ch9_main_20240731160003_20240731163003.mp4,-9223372036854775808,-9223372036854775808,-9223372036854775808,26994,14.99316826073916,949884492,256,3,True
/lustre/isaac24/scratch/eopoku2/downey_cross_sucking_videos_2024/2 weeks post-grouping (not annotated)/Group 2 Week 2/Cam 9/N884A6_ch9_main_20240731163003_20240731170003.mp4,-9223372036854775808,-9223372036854775808,-9223372036854775808,26978,14.987861043672464,948956459,256,3,True
/lustre/isaac24/scratch/eopoku2/downey_cross_sucking_videos_2024/2 weeks post-grouping (not annotated)/Group 2 Week 2/Cam 9/N884A6_ch9_main_20240731170003_20240731173003.mp4,-9223372036854775808,-9223372036854775808,-9223372036854775808,26990,14.993944646289568,949193121,256,3,True
/lustre/isaac24/scratch/eopoku2/downey_cross_sucking_videos_2024/2 weeks post-grouping (not annotated)/Group 2 Week 2/Cam 9/N884A6_ch9_main_20240731173003_20240731180003.mp4,-9223372036854775808,-9223372036854775808,-9223372036854775808,26993,14.994028607137896,949249654,256,3,True
/lustre/isaac24/scratch/eopoku2/downey_cross_sucking_videos_2024/2 weeks post-grouping (not annotated)/Group 2 Week 2/Cam 9/N884A6_ch9_main_20240731180003_20240731183003.mp4,-9223372036854775808,-9223372036854775808,-9223372036854775808,26992,14.993806278156438,949354555,256,3,True
/lustre/isaac24/scratch/eopoku2/downey_cross_sucking_videos_2024/2 weeks post-grouping (not annotated)/Group 2 Week 2/Cam 9/N884A6_ch9_main_20240731183003_20240731190003.mp4,-9223372036854775808,-9223372036854775808,-9223372036854775808,26980,14.993803524488582,949344710,256,3,True
/lustre/isaac24/scratch/eopoku2/downey_cross_sucking_videos_2024/2 weeks post-grouping (not annotated)/Group 2 Week 2/Cam 9/N884A6_ch9_main_20240731190003_20240731193003.mp4,-9223372036854775808,-9223372036854775808,-9223372036854775808,26991,14.991418716639911,949361964,256,3,True
/lustre/isaac24/scratch/eopoku2/downey_cross_sucking_videos_2024/2 weeks post-grouping (not annotated)/Group 2 Week 2/Cam 9/N884A6_ch9_main_20240731193003_20240731200003.mp4,-9223372036854775808,-9223372036854775808,-9223372036854775808,26995,14.9884789428389,949511499,256,3,True
/lustre/isaac24/scratch/eopoku2/downey_cross_sucking_videos_2024/2 weeks post-grouping (not annotated)/Group 2 Week 2/Cam 9/N884A6_ch9_main_20240731200003_20240731203003.mp4,-9223372036854775808,-9223372036854775808,-9223372036854775808,26992,14.993806278156438,949456634,256,3,True
/lustre/isaac24/scratch/eopoku2/downey_cross_sucking_videos_2024/2 weeks post-grouping (not annotated)/Group 2 Week 2/Cam 9/N884A6_ch9_main_20240731203003_20240731210003.mp4,-9223372036854775808,-9223372036854775808,-9223372036854775808,26977,14.993386169869837,949415922,256,3,True
/lustre/isaac24/scratch/eopoku2/downey_cross_sucking_videos_2024/2 weeks post-grouping (not annotated)/Group 2 Week 2/Cam 9/N884A6_ch9_main_20240731210003_20240731213003.mp4,-9223372036854775808,-9223372036854775808,-9223372036854775808,26993,14.993112488613388,949330122,256,3,True
/lustre/isaac24/scratch/eopoku2/downey_cross_sucking_videos_2024/2 weeks post-grouping (not annotated)/Group 2 Week 2/Cam 9/N884A6_ch9_main_20240731213003_20240731220003.mp4,-9223372036854775808,-9223372036854775808,-9223372036854775808,26993,14.993528892246337,949430740,256,3,True
/lustre/isaac24/scratch/eopoku2/downey_cross_sucking_videos_2024/2 weeks post-grouping (not annotated)/Group 2 Week 2/Cam 9/N884A6_ch9_main_20240731220003_20240731223003.mp4,-9223372036854775808,-9223372036854775808,-9223372036854775808,26993,14.99252956238232,950186398,256,3,True
/lustre/isaac24/scratch/eopoku2/downey_cross_sucking_videos_2024/2 weeks post-grouping (not annotated)/Group 2 Week 2/Cam 9/N884A6_ch9_main_20240731223003_20240731230003.mp4,-9223372036854775808,-9223372036854775808,-9223372036854775808,26976,14.989331436699858,949232021,256,3,True
/lustre/isaac24/scratch/eopoku2/downey_cross_sucking_videos_2024/2 weeks post-grouping (not annotated)/Group 2 Week 2/Cam 9/N884A6_ch9_main_20240731230003_20240731233003.mp4,-9223372036854775808,-9223372036854775808,-9223372036854775808,26994,14.99366793308005,949406688,256,3,True
/lustre/isaac24/scratch/eopoku2/downey_cross_sucking_videos_2024/2 weeks post-grouping (not annotated)/Group 2 Week 2/Cam 9/N884A6_ch9_main_20240731233003_20240801000000.mp4,-9223372036854775808,-9223372036854775808,-9223372036854775808,26948,14.993935212490124,948271980,256,3,True
/lustre/isaac24/scratch/eopoku2/downey_cross_sucking_videos_2024/2 weeks post-grouping (not annotated)/Group 2 Week 2/Cam 9/N884A6_ch9_main_20240801000000_20240801003003.mp4,-9223372036854775808,-9223372036854775808,-9223372036854775808,27038,14.993123946411144,951068952,256,3,True
/lustre/isaac24/scratch/eopoku2/downey_cross_sucking_videos_2024/2 weeks post-grouping (not annotated)/Group 2 Week 2/Cam 9/N884A6_ch9_main_20240801003003_20240801010003.mp4,-9223372036854775808,-9223372036854775808,-9223372036854775808,26977,14.993802835688998,949356876,256,3,True
/lustre/isaac24/scratch/eopoku2/downey_cross_sucking_videos_2024/2 weeks post-grouping (not annotated)/Group 2 Week 2/Cam 9/N884A6_ch9_main_20240801010003_20240801013003.mp4,-9223372036854775808,-9223372036854775808,-9223372036854775808,26991,14.992168146016864,949422177,256,3,True
/lustre/isaac24/scratch/eopoku2/downey_cross_sucking_videos_2024/2 weeks post-grouping (not annotated)/Group 2 Week 2/Cam 9/N884A6_ch9_main_20240801013003_20240801020003.mp4,-9223372036854775808,-9223372036854775808,-9223372036854775808,26994,14.988839161771075,949459000,256,3,True
/lustre/isaac24/scratch/eopoku2/downey_cross_sucking_videos_2024/2 weeks post-grouping (not annotated)/Group 2 Week 2/Cam 9/N884A6_ch9_main_20240801020003_20240801023003.mp4,-9223372036854775808,-9223372036854775808,-9223372036854775808,26994,14.993251537149872,949519314,256,3,True
/lustre/isaac24/scratch/eopoku2/downey_cross_sucking_videos_2024/2 weeks post-grouping (not annotated)/Group 2 Week 2/Cam 9/N884A6_ch9_main_20240801023003_20240801030003.mp4,-9223372036854775808,-9223372036854775808,-9223372036854775808,26977,14.993802835688998,949307395,256,3,True
/lustre/isaac24/scratch/eopoku2/downey_cross_sucking_videos_2024/2 weeks post-grouping (not annotated)/Group 2 Week 2/Cam 9/N884A6_ch9_main_20240801030003_20240801033003.mp4,-9223372036854775808,-9223372036854775808,-9223372036854775808,26993,14.993195767489654,949483342,256,3,True
/lustre/isaac24/scratch/eopoku2/downey_cross_sucking_videos_2024/2 weeks post-grouping (not annotated)/Group 2 Week 2/Cam 9/N884A6_ch9_main_20240801040003_20240801043003.mp4,-9223372036854775808,-9223372036854775808,-9223372036854775808,26991,14.992917650326344,949453032,256,3,True
/lustre/isaac24/scratch/eopoku2/downey_cross_sucking_videos_2024/2 weeks post-grouping (not annotated)/Group 2 Week 2/Cam 9/N884A6_ch9_main_20240801043003_20240801050000.mp4,-9223372036854775808,-9223372036854775808,-9223372036854775808,26933,14.988174406633462,947370659,256,3,True
/lustre/isaac24/scratch/eopoku2/downey_cross_sucking_videos_2024/2 weeks post-grouping (not annotated)/Group 2 Week 2/Cam 1/N884A6_ch1_main_20240730043000_20240730050000.mp4,-9223372036854775808,-9223372036854775808,-9223372036854775808,26990,14.992029061984455,949313664,256,3,True
/lustre/isaac24/scratch/eopoku2/downey_cross_sucking_videos_2024/2 weeks post-grouping (not annotated)/Group 2 Week 2/Cam 1/N884A6_ch1_main_20240731043000_20240731050000.mp4,-9223372036854775808,-9223372036854775808,-9223372036854775808,27011,14.988957082450083,952291474,256,3,True
/lustre/isaac24/scratch/eopoku2/downey_cross_sucking_videos_2024/2 weeks post-grouping (not annotated)/Group 2 Week 2/Cam 1/N884A6_ch1_main_20240731050000_20240731053000.mp4,-9223372036854775808,-9223372036854775808,-9223372036854775808,26994,14.99366793308005,950169453,256,3,True
/lustre/isaac24/scratch/eopoku2/downey_cross_sucking_videos_2024/2 weeks post-grouping (not annotated)/Group 2 Week 2/Cam 1/N884A6_ch1_main_20240731053000_20240731060000.mp4,-9223372036854775808,-9223372036854775808,-9223372036854775808,26993,14.993528892246337,949476076,256,3,True
/lustre/isaac24/scratch/eopoku2/downey_cross_sucking_videos_2024/2 weeks post-grouping (not annotated)/Group 2 Week 2/Cam 1/N884A6_ch1_main_20240731060000_20240731063000.mp4,-9223372036854775808,-9223372036854775808,-9223372036854775808,26994,14.99366793308005,949475529,256,3,True
/lustre/isaac24/scratch/eopoku2/downey_cross_sucking_videos_2024/2 weeks post-grouping (not annotated)/Group 2 Week 2/Cam 1/N884A6_ch1_main_20240731063000_20240731070000.mp4,-9223372036854775808,-9223372036854775808,-9223372036854775808,26977,14.993802835688998,949181104,256,3,True
/lustre/isaac24/scratch/eopoku2/downey_cross_sucking_videos_2024/2 weeks post-grouping (not annotated)/Group 2 Week 2/Cam 1/N884A6_ch1_main_20240731070000_20240731073000.mp4,-9223372036854775808,-9223372036854775808,-9223372036854775808,26994,14.99283516434689,949296048,256,3,True
/lustre/isaac24/scratch/eopoku2/downey_cross_sucking_videos_2024/2 weeks post-grouping (not annotated)/Group 2 Week 2/Cam 1/N884A6_ch1_main_20240731073000_20240731080000.mp4,-9223372036854775808,-9223372036854775808,-9223372036854775808,26991,14.989087637654036,949421604,256,3,True
/lustre/isaac24/scratch/eopoku2/downey_cross_sucking_videos_2024/2 weeks post-grouping (not annotated)/Group 2 Week 2/Cam 1/N884A6_ch1_main_20240731080000_20240731083000.mp4,-9223372036854775808,-9223372036854775808,-9223372036854775808,26993,14.992696108108708,949403252,256,3,True
/lustre/isaac24/scratch/eopoku2/downey_cross_sucking_videos_2024/2 weeks post-grouping (not annotated)/Group 2 Week 2/Cam 1/N884A6_ch1_main_20240731083000_20240731090000.mp4,-9223372036854775808,-9223372036854775808,-9223372036854775808,26978,14.993525295807837,949262530,256,3,True
/lustre/isaac24/scratch/eopoku2/downey_cross_sucking_videos_2024/2 weeks post-grouping (not annotated)/Group 2 Week 2/Cam 1/N884A6_ch1_main_20240731090000_20240731093000.mp4,-9223372036854775808,-9223372036854775808,-9223372036854775808,26994,14.99266862170088,949320740,256,3,True
/lustre/isaac24/scratch/eopoku2/downey_cross_sucking_videos_2024/2 weeks post-grouping (not annotated)/Group 2 Week 2/Cam 1/N884A6_ch1_main_20240731093000_20240731100000.mp4,-9223372036854775808,-9223372036854775808,-9223372036854775808,26991,14.993667229579591,949422175,256,3,True
/lustre/isaac24/scratch/eopoku2/downey_cross_sucking_videos_2024/2 weeks post-grouping (not annotated)/Group 2 Week 2/Cam 1/N884A6_ch1_main_20240731100000_20240731103000.mp4,-9223372036854775808,-9223372036854775808,-9223372036854775808,26977,14.992636229749632,949080445,256,3,True
/lustre/isaac24/scratch/eopoku2/downey_cross_sucking_videos_2024/2 weeks post-grouping (not annotated)/Group 2 Week 2/Cam 1/N884A6_ch1_main_20240731103000_20240731110000.mp4,-9223372036854775808,-9223372036854775808,-9223372036854775808,26993,14.987867783830003,950017855,256,3,True
/lustre/isaac24/scratch/eopoku2/downey_cross_sucking_videos_2024/2 weeks post-grouping (not annotated)/Group 2 Week 2/Cam 1/N884A6_ch1_main_20240731110000_20240731113000.mp4,-9223372036854775808,-9223372036854775808,-9223372036854775808,26995,14.993806966191034,949201611,256,3,True
/lustre/isaac24/scratch/eopoku2/downey_cross_sucking_videos_2024/2 weeks post-grouping (not annotated)/Group 2 Week 2/Cam 1/N884A6_ch1_main_20240731113000_20240731120000.mp4,-9223372036854775808,-9223372036854775808,-9223372036854775808,26992,14.993806278156438,949203171,256,3,True
/lustre/isaac24/scratch/eopoku2/downey_cross_sucking_videos_2024/2 weeks post-grouping (not annotated)/Group 2 Week 2/Cam 1/N884A6_ch1_main_20240731120000_20240731123000.mp4,-9223372036854775808,-9223372036854775808,-9223372036854775808,26992,14.993806278156438,949056924,256,3,True
/lustre/isaac24/scratch/eopoku2/downey_cross_sucking_videos_2024/2 weeks post-grouping (not annotated)/Group 2 Week 2/Cam 1/N884A6_ch1_main_20240731123000_20240731130000.mp4,-9223372036854775808,-9223372036854775808,-9223372036854775808,26978,14.993525295807837,949398164,256,3,True
/lustre/isaac24/scratch/eopoku2/downey_cross_sucking_videos_2024/2 weeks post-grouping (not annotated)/Group 2 Week 2/Cam 1/N884A6_ch1_main_20240731130000_20240731133000.mp4,-9223372036854775808,-9223372036854775808,-9223372036854775808,26993,14.992446290906669,949349275,256,3,True
/lustre/isaac24/scratch/eopoku2/downey_cross_sucking_videos_2024/2 weeks post-grouping (not annotated)/Group 2 Week 2/Cam 1/N884A6_ch1_main_20240731133000_20240731140000.mp4,-9223372036854775808,-9223372036854775808,-9223372036854775808,26992,14.988394433770532,949671835,256,3,True
/lustre/isaac24/scratch/eopoku2/downey_cross_sucking_videos_2024/2 weeks post-grouping (not annotated)/Group 2 Week 2/Cam 1/N884A6_ch1_main_20240731140000_20240731143000.mp4,-9223372036854775808,-9223372036854775808,-9223372036854775808,26991,14.993667229579591,949264096,256,3,True
/lustre/isaac24/scratch/eopoku2/downey_cross_sucking_videos_2024/2 weeks post-grouping (not annotated)/Group 2 Week 2/Cam 1/N884A6_ch1_main_20240731143000_20240731150000.mp4,-9223372036854775808,-9223372036854775808,-9223372036854775808,26979,14.993497760339672,949476432,256,3,True
/lustre/isaac24/scratch/eopoku2/downey_cross_sucking_videos_2024/2 weeks post-grouping (not annotated)/Group 2 Week 2/Cam 1/N884A6_ch1_main_20240731150000_20240731153000.mp4,-9223372036854775808,-9223372036854775808,-9223372036854775808,26993,14.993528892246337,949383830,256,3,True
/lustre/isaac24/scratch/eopoku2/downey_cross_sucking_videos_2024/2 weeks post-grouping (not annotated)/Group 2 Week 2/Cam 1/N884A6_ch1_main_20240731153000_20240731160000.mp4,-9223372036854775808,-9223372036854775808,-9223372036854775808,26994,14.99366793308005,949352177,256,3,True
/lustre/isaac24/scratch/eopoku2/downey_cross_sucking_videos_2024/2 weeks post-grouping (not annotated)/Group 2 Week 2/Cam 1/N884A6_ch1_main_20240731160000_20240731163000.mp4,-9223372036854775808,-9223372036854775808,-9223372036854775808,26993,14.992363020356022,949349437,256,3,True
/lustre/isaac24/scratch/eopoku2/downey_cross_sucking_videos_2024/2 weeks post-grouping (not annotated)/Group 2 Week 2/Cam 1/N884A6_ch1_main_20240731163000_20240731170000.mp4,-9223372036854775808,-9223372036854775808,-9223372036854775808,26970,14.988412739872956,948411373,256,3,True
/lustre/isaac24/scratch/eopoku2/downey_cross_sucking_videos_2024/2 weeks post-grouping (not annotated)/Group 2 Week 2/Cam 1/N884A6_ch1_main_20240731170000_20240731173000.mp4,-9223372036854775808,-9223372036854775808,-9223372036854775808,26999,14.993946664000978,949878841,256,3,True
/lustre/isaac24/scratch/eopoku2/downey_cross_sucking_videos_2024/2 weeks post-grouping (not annotated)/Group 2 Week 2/Cam 1/N884A6_ch1_main_20240731173000_20240731180000.mp4,-9223372036854775808,-9223372036854775808,-9223372036854775808,26993,14.993112488613388,949416910,256,3,True
/lustre/isaac24/scratch/eopoku2/downey_cross_sucking_videos_2024/2 weeks post-grouping (not annotated)/Group 2 Week 2/Cam 1/N884A6_ch1_main_20240731180000_20240731183000.mp4,-9223372036854775808,-9223372036854775808,-9223372036854775808,26992,14.993806278156438,949502847,256,3,True
/lustre/isaac24/scratch/eopoku2/downey_cross_sucking_videos_2024/2 weeks post-grouping (not annotated)/Group 2 Week 2/Cam 1/N884A6_ch1_main_20240731183000_20240731190000.mp4,-9223372036854775808,-9223372036854775808,-9223372036854775808,26979,14.993997732476714,949180168,256,3,True
/lustre/isaac24/scratch/eopoku2/downey_cross_sucking_videos_2024/2 weeks post-grouping (not annotated)/Group 2 Week 2/Cam 1/N884A6_ch1_main_20240731190000_20240731193000.mp4,-9223372036854775808,-9223372036854775808,-9223372036854775808,26991,14.9924179724603,949507735,256,3,True
/lustre/isaac24/scratch/eopoku2/downey_cross_sucking_videos_2024/2 weeks post-grouping (not annotated)/Group 2 Week 2/Cam 1/N884A6_ch1_main_20240731193000_20240731200000.mp4,-9223372036854775808,-9223372036854775808,-9223372036854775808,26995,14.98839572251896,949383248,256,3,True
/lustre/isaac24/scratch/eopoku2/downey_cross_sucking_videos_2024/2 weeks post-grouping (not annotated)/Group 2 Week 2/Cam 1/N884A6_ch1_main_20240731200000_20240731203000.mp4,-9223372036854775808,-9223372036854775808,-9223372036854775808,26991,14.992834368369014,949569462,256,3,True
/lustre/isaac24/scratch/eopoku2/downey_cross_sucking_videos_2024/2 weeks post-grouping (not annotated)/Group 2 Week 2/Cam 1/N884A6_ch1_main_20240731203000_20240731210000.mp4,-9223372036854775808,-9223372036854775808,-9223372036854775808,26979,14.993747742240254,949423019,256,3,True
/lustre/isaac24/scratch/eopoku2/downey_cross_sucking_videos_2024/2 weeks post-grouping (not annotated)/Group 2 Week 2/Cam 1/N884A6_ch1_main_20240731210000_20240731213000.mp4,-9223372036854775808,-9223372036854775808,-9223372036854775808,26994,14.99366793308005,949337168,256,3,True
/lustre/isaac24/scratch/eopoku2/downey_cross_sucking_videos_2024/2 weeks post-grouping (not annotated)/Group 2 Week 2/Cam 1/N884A6_ch1_main_20240731213000_20240731220000.mp4,-9223372036854775808,-9223372036854775808,-9223372036854775808,26990,14.993861349836395,949473015,256,3,True
/lustre/isaac24/scratch/eopoku2/downey_cross_sucking_videos_2024/2 weeks post-grouping (not annotated)/Group 2 Week 2/Cam 1/N884A6_ch1_main_20240731220000_20240731223000.mp4,-9223372036854775808,-9223372036854775808,-9223372036854775808,26994,14.99283516434689,949946254,256,3,True
/lustre/isaac24/scratch/eopoku2/downey_cross_sucking_videos_2024/2 weeks post-grouping (not annotated)/Group 2 Week 2/Cam 1/N884A6_ch1_main_20240731223000_20240731230000.mp4,-9223372036854775808,-9223372036854775808,-9223372036854775808,26978,14.987694512808265,949164670,256,3,True
/lustre/isaac24/scratch/eopoku2/downey_cross_sucking_videos_2024/2 weeks post-grouping (not annotated)/Group 2 Week 2/Cam 1/N884A6_ch1_main_20240731230000_20240731233000.mp4,-9223372036854775808,-9223372036854775808,-9223372036854775808,26994,14.99366793308005,949418713,256,3,True
/lustre/isaac24/scratch/eopoku2/downey_cross_sucking_videos_2024/2 weeks post-grouping (not annotated)/Group 2 Week 2/Cam 1/N884A6_ch1_main_20240731233000_20240801000000.mp4,-9223372036854775808,-9223372036854775808,-9223372036854775808,26992,14.993806278156438,949498416,256,3,True
/lustre/isaac24/scratch/eopoku2/downey_cross_sucking_videos_2024/2 weeks post-grouping (not annotated)/Group 2 Week 2/Cam 1/N884A6_ch1_main_20240801000000_20240801003000.mp4,-9223372036854775808,-9223372036854775808,-9223372036854775808,26990,14.993111723402365,949492040,256,3,True
/lustre/isaac24/scratch/eopoku2/downey_cross_sucking_videos_2024/2 weeks post-grouping (not annotated)/Group 2 Week 2/Cam 1/N884A6_ch1_main_20240801003000_20240801010000.mp4,-9223372036854775808,-9223372036854775808,-9223372036854775808,26978,14.993525295807837,949323600,256,3,True
/lustre/isaac24/scratch/eopoku2/downey_cross_sucking_videos_2024/2 weeks post-grouping (not annotated)/Group 2 Week 2/Cam 1/N884A6_ch1_main_20240801010000_20240801013000.mp4,-9223372036854775808,-9223372036854775808,-9223372036854775808,26993,14.992196482029692,949403001,256,3,True
/lustre/isaac24/scratch/eopoku2/downey_cross_sucking_videos_2024/2 weeks post-grouping (not annotated)/Group 2 Week 2/Cam 1/N884A6_ch1_main_20240801013000_20240801020000.mp4,-9223372036854775808,-9223372036854775808,-9223372036854775808,26994,14.98817336842456,949518638,256,3,True
/lustre/isaac24/scratch/eopoku2/downey_cross_sucking_videos_2024/2 weeks post-grouping (not annotated)/Group 2 Week 2/Cam 1/N884A6_ch1_main_20240801020000_20240801023000.mp4,-9223372036854775808,-9223372036854775808,-9223372036854775808,26991,14.992834368369014,949431085,256,3,True
/lustre/isaac24/scratch/eopoku2/downey_cross_sucking_videos_2024/2 weeks post-grouping (not annotated)/Group 2 Week 2/Cam 1/N884A6_ch1_main_20240801023000_20240801030000.mp4,-9223372036854775808,-9223372036854775808,-9223372036854775808,26980,14.993803524488582,949340272,256,3,True
/lustre/isaac24/scratch/eopoku2/downey_cross_sucking_videos_2024/2 weeks post-grouping (not annotated)/Group 2 Week 2/Cam 1/N884A6_ch1_main_20240801030000_20240801033000.mp4,-9223372036854775808,-9223372036854775808,-9223372036854775808,26990,14.993944646289568,949391993,256,3,True
/lustre/isaac24/scratch/eopoku2/downey_cross_sucking_videos_2024/2 weeks post-grouping (not annotated)/Group 2 Week 2/Cam 1/N884A6_ch1_main_20240801033000_20240801040000.mp4,-9223372036854775808,-9223372036854775808,-9223372036854775808,26994,14.993251537149872,949464073,256,3,True
/lustre/isaac24/scratch/eopoku2/downey_cross_sucking_videos_2024/2 weeks post-grouping (not annotated)/Group 2 Week 2/Cam 1/N884A6_ch1_main_20240801040000_20240801043000.mp4,-9223372036854775808,-9223372036854775808,-9223372036854775808,26993,14.99252956238232,950232541,256,3,True
/lustre/isaac24/scratch/eopoku2/downey_cross_sucking_videos_2024/2 weeks post-grouping (not annotated)/Group 2 Week 2/Cam 1/N884A6_ch1_main_20240801043000_20240801050000.mp4,-9223372036854775808,-9223372036854775808,-9223372036854775808,26976,14.988581874350611,949285041,256,3,True
/lustre/isaac24/scratch/eopoku2/downey_cross_sucking_videos_2024/2 weeks post-grouping (not annotated)/Group 2 Week 2/Cam 1/._N884A6_ch1_main_20240731063000_20240731070000.mp4,-1,-1,-1,-1,-1.0,4096,256,3,False
/lustre/isaac24/scratch/eopoku2/downey_cross_sucking_videos_2024/2 weeks post-grouping (not annotated)/Group 2 Week 2/Cam 7/N884A6_ch7_main_20240731043000_20240731050001.mp4,-9223372036854775808,-9223372036854775808,-9223372036854775808,27028,14.988991731320604,951226321,256,3,True
/lustre/isaac24/scratch/eopoku2/downey_cross_sucking_videos_2024/2 weeks post-grouping (not annotated)/Group 2 Week 2/Cam 7/N884A6_ch7_main_20240731050001_20240731053001.mp4,-9223372036854775808,-9223372036854775808,-9223372036854775808,26992,14.992390495339873,949244656,256,3,True
/lustre/isaac24/scratch/eopoku2/downey_cross_sucking_videos_2024/2 weeks post-grouping (not annotated)/Group 2 Week 2/Cam 7/N884A6_ch7_main_20240731053001_20240731060001.mp4,-9223372036854775808,-9223372036854775808,-9223372036854775808,26993,14.992945933636232,949470425,256,3,True
/lustre/isaac24/scratch/eopoku2/downey_cross_sucking_videos_2024/2 weeks post-grouping (not annotated)/Group 2 Week 2/Cam 7/N884A6_ch7_main_20240731060001_20240731063001.mp4,-9223372036854775808,-9223372036854775808,-9223372036854775808,26991,14.993667229579591,949170331,256,3,True
/lustre/isaac24/scratch/eopoku2/downey_cross_sucking_videos_2024/2 weeks post-grouping (not annotated)/Group 2 Week 2/Cam 7/N884A6_ch7_main_20240731063001_20240731070001.mp4,-9223372036854775808,-9223372036854775808,-9223372036854775808,26979,14.993664414013873,949145198,256,3,True
/lustre/isaac24/scratch/eopoku2/downey_cross_sucking_videos_2024/2 weeks post-grouping (not annotated)/Group 2 Week 2/Cam 7/N884A6_ch7_main_20240731070001_20240731073001.mp4,-9223372036854775808,-9223372036854775808,-9223372036854775808,26991,14.991835057043511,949239400,256,3,True
/lustre/isaac24/scratch/eopoku2/downey_cross_sucking_videos_2024/2 weeks post-grouping (not annotated)/Group 2 Week 2/Cam 7/N884A6_ch7_main_20240731073001_20240731080001.mp4,-9223372036854775808,-9223372036854775808,-9223372036854775808,26994,14.988839161771075,949314422,256,3,True
/lustre/isaac24/scratch/eopoku2/downey_cross_sucking_videos_2024/2 weeks post-grouping (not annotated)/Group 2 Week 2/Cam 7/N884A6_ch7_main_20240731080001_20240731083001.mp4,-9223372036854775808,-9223372036854775808,-9223372036854775808,26993,14.993528892246337,949144119,256,3,True
/lustre/isaac24/scratch/eopoku2/downey_cross_sucking_videos_2024/2 weeks post-grouping (not annotated)/Group 2 Week 2/Cam 7/N884A6_ch7_main_20240731083001_20240731090001.mp4,-9223372036854775808,-9223372036854775808,-9223372036854775808,26978,14.993525295807837,949206625,256,3,True
/lustre/isaac24/scratch/eopoku2/downey_cross_sucking_videos_2024/2 weeks post-grouping (not annotated)/Group 2 Week 2/Cam 7/N884A6_ch7_main_20240731090001_20240731093001.mp4,-9223372036854775808,-9223372036854775808,-9223372036854775808,26991,14.993583939294622,949045942,256,3,True
/lustre/isaac24/scratch/eopoku2/downey_cross_sucking_videos_2024/2 weeks post-grouping (not annotated)/Group 2 Week 2/Cam 7/N884A6_ch7_main_20240731093001_20240731100001.mp4,-9223372036854775808,-9223372036854775808,-9223372036854775808,26994,14.99366793308005,949180293,256,3,True
/lustre/isaac24/scratch/eopoku2/downey_cross_sucking_videos_2024/2 weeks post-grouping (not annotated)/Group 2 Week 2/Cam 7/N884A6_ch7_main_20240731100001_20240731103001.mp4,-9223372036854775808,-9223372036854775808,-9223372036854775808,26979,14.992081353671752,948891949,256,3,True
/lustre/isaac24/scratch/eopoku2/downey_cross_sucking_videos_2024/2 weeks post-grouping (not annotated)/Group 2 Week 2/Cam 7/N884A6_ch7_main_20240731103001_20240731110001.mp4,-9223372036854775808,-9223372036854775808,-9223372036854775808,26991,14.987839143520318,949054868,256,3,True
/lustre/isaac24/scratch/eopoku2/downey_cross_sucking_videos_2024/2 weeks post-grouping (not annotated)/Group 2 Week 2/Cam 7/N884A6_ch7_main_20240731110001_20240731113001.mp4,-9223372036854775808,-9223372036854775808,-9223372036854775808,26994,14.99366793308005,948966090,256,3,True
/lustre/isaac24/scratch/eopoku2/downey_cross_sucking_videos_2024/2 weeks post-grouping (not annotated)/Group 2 Week 2/Cam 7/N884A6_ch7_main_20240731113001_20240731120001.mp4,-9223372036854775808,-9223372036854775808,-9223372036854775808,26994,14.99366793308005,948890092,256,3,True
/lustre/isaac24/scratch/eopoku2/downey_cross_sucking_videos_2024/2 weeks post-grouping (not annotated)/Group 2 Week 2/Cam 7/N884A6_ch7_main_20240731120001_20240731123001.mp4,-9223372036854775808,-9223372036854775808,-9223372036854775808,26990,14.993111723402365,948864809,256,3,True
/lustre/isaac24/scratch/eopoku2/downey_cross_sucking_videos_2024/2 weeks post-grouping (not annotated)/Group 2 Week 2/Cam 7/N884A6_ch7_main_20240731123001_20240731130001.mp4,-9223372036854775808,-9223372036854775808,-9223372036854775808,26979,14.993664414013873,949305679,256,3,True
/lustre/isaac24/scratch/eopoku2/downey_cross_sucking_videos_2024/2 weeks post-grouping (not annotated)/Group 2 Week 2/Cam 7/N884A6_ch7_main_20240731130001_20240731133001.mp4,-9223372036854775808,-9223372036854775808,-9223372036854775808,26991,14.992917650326344,949425480,256,3,True
/lustre/isaac24/scratch/eopoku2/downey_cross_sucking_videos_2024/2 weeks post-grouping (not annotated)/Group 2 Week 2/Cam 7/N884A6_ch7_main_20240731133001_20240731140001.mp4,-9223372036854775808,-9223372036854775808,-9223372036854775808,26994,14.987923711168484,949620117,256,3,True
/lustre/isaac24/scratch/eopoku2/downey_cross_sucking_videos_2024/2 weeks post-grouping (not annotated)/Group 2 Week 2/Cam 7/N884A6_ch7_main_20240731140001_20240731143001.mp4,-9223372036854775808,-9223372036854775808,-9223372036854775808,26991,14.993583939294622,949341953,256,3,True
/lustre/isaac24/scratch/eopoku2/downey_cross_sucking_videos_2024/2 weeks post-grouping (not annotated)/Group 2 Week 2/Cam 7/N884A6_ch7_main_20240731143001_20240731150001.mp4,-9223372036854775808,-9223372036854775808,-9223372036854775808,26979,14.9931644641051,949103519,256,3,True
/lustre/isaac24/scratch/eopoku2/downey_cross_sucking_videos_2024/2 weeks post-grouping (not annotated)/Group 2 Week 2/Cam 7/N884A6_ch7_main_20240731150001_20240731153001.mp4,-9223372036854775808,-9223372036854775808,-9223372036854775808,26994,14.993584652043747,949487761,256,3,True
/lustre/isaac24/scratch/eopoku2/downey_cross_sucking_videos_2024/2 weeks post-grouping (not annotated)/Group 2 Week 2/Cam 7/N884A6_ch7_main_20240731153001_20240731160001.mp4,-9223372036854775808,-9223372036854775808,-9223372036854775808,26992,14.993722989412404,949304785,256,3,True
/lustre/isaac24/scratch/eopoku2/downey_cross_sucking_videos_2024/2 weeks post-grouping (not annotated)/Group 2 Week 2/Cam 7/N884A6_ch7_main_20240731160001_20240731163001.mp4,-9223372036854775808,-9223372036854775808,-9223372036854775808,26991,14.9925012497917,949801398,256,3,True
/lustre/isaac24/scratch/eopoku2/downey_cross_sucking_videos_2024/2 weeks post-grouping (not annotated)/Group 2 Week 2/Cam 7/N884A6_ch7_main_20240731163001_20240731170001.mp4,-9223372036854775808,-9223372036854775808,-9223372036854775808,26978,14.987944310492338,948958238,256,3,True
/lustre/isaac24/scratch/eopoku2/downey_cross_sucking_videos_2024/2 weeks post-grouping (not annotated)/Group 2 Week 2/Cam 7/N884A6_ch7_main_20240731170001_20240731173001.mp4,-9223372036854775808,-9223372036854775808,-9223372036854775808,26994,14.993584652043747,949127134,256,3,True
/lustre/isaac24/scratch/eopoku2/downey_cross_sucking_videos_2024/2 weeks post-grouping (not annotated)/Group 2 Week 2/Cam 7/N884A6_ch7_main_20240731173001_20240731180001.mp4,-9223372036854775808,-9223372036854775808,-9223372036854775808,26993,14.993445609669392,949221219,256,3,True
/lustre/isaac24/scratch/eopoku2/downey_cross_sucking_videos_2024/2 weeks post-grouping (not annotated)/Group 2 Week 2/Cam 7/N884A6_ch7_main_20240731180001_20240731183001.mp4,-9223372036854775808,-9223372036854775808,-9223372036854775808,26992,14.993389843689243,949373629,256,3,True
/lustre/isaac24/scratch/eopoku2/downey_cross_sucking_videos_2024/2 weeks post-grouping (not annotated)/Group 2 Week 2/Cam 7/N884A6_ch7_main_20240731183001_20240731190001.mp4,-9223372036854775808,-9223372036854775808,-9223372036854775808,26978,14.99469199686522,949109489,256,3,True
/lustre/isaac24/scratch/eopoku2/downey_cross_sucking_videos_2024/2 weeks post-grouping (not annotated)/Group 2 Week 2/Cam 7/N884A6_ch7_main_20240731190001_20240731193001.mp4,-9223372036854775808,-9223372036854775808,-9223372036854775808,26992,14.991974139511116,949480765,256,3,True
/lustre/isaac24/scratch/eopoku2/downey_cross_sucking_videos_2024/2 weeks post-grouping (not annotated)/Group 2 Week 2/Cam 7/N884A6_ch7_main_20240731193001_20240731200001.mp4,-9223372036854775808,-9223372036854775808,-9223372036854775808,26992,14.9888105907897,949314515,256,3,True
/lustre/isaac24/scratch/eopoku2/downey_cross_sucking_videos_2024/2 weeks post-grouping (not annotated)/Group 2 Week 2/Cam 7/N884A6_ch7_main_20240731200001_20240731203001.mp4,-9223372036854775808,-9223372036854775808,-9223372036854775808,26995,14.993806966191034,949583643,256,3,True
/lustre/isaac24/scratch/eopoku2/downey_cross_sucking_videos_2024/2 weeks post-grouping (not annotated)/Group 2 Week 2/Cam 7/N884A6_ch7_main_20240731203001_20240731210001.mp4,-9223372036854775808,-9223372036854775808,-9223372036854775808,26979,14.99283118268814,949440169,256,3,True
/lustre/isaac24/scratch/eopoku2/downey_cross_sucking_videos_2024/2 weeks post-grouping (not annotated)/Group 2 Week 2/Cam 7/N884A6_ch7_main_20240731210001_20240731213001.mp4,-9223372036854775808,-9223372036854775808,-9223372036854775808,26990,14.993611466029664,949188535,256,3,True
/lustre/isaac24/scratch/eopoku2/downey_cross_sucking_videos_2024/2 weeks post-grouping (not annotated)/Group 2 Week 2/Cam 7/N884A6_ch7_main_20240731213001_20240731220001.mp4,-9223372036854775808,-9223372036854775808,-9223372036854775808,26994,14.99366793308005,949500206,256,3,True
/lustre/isaac24/scratch/eopoku2/downey_cross_sucking_videos_2024/2 weeks post-grouping (not annotated)/Group 2 Week 2/Cam 7/N884A6_ch7_main_20240731220001_20240731223001.mp4,-9223372036854775808,-9223372036854775808,-9223372036854775808,26992,14.992557044146729,950055504,256,3,True
/lustre/isaac24/scratch/eopoku2/downey_cross_sucking_videos_2024/2 weeks post-grouping (not annotated)/Group 2 Week 2/Cam 7/N884A6_ch7_main_20240731223001_20240731230001.mp4,-9223372036854775808,-9223372036854775808,-9223372036854775808,26980,14.988639078237584,949338318,256,3,True
/lustre/isaac24/scratch/eopoku2/downey_cross_sucking_videos_2024/2 weeks post-grouping (not annotated)/Group 2 Week 2/Cam 7/N884A6_ch7_main_20240731230001_20240731233001.mp4,-9223372036854775808,-9223372036854775808,-9223372036854775808,26990,14.993861349836395,949362061,256,3,True
/lustre/isaac24/scratch/eopoku2/downey_cross_sucking_videos_2024/2 weeks post-grouping (not annotated)/Group 2 Week 2/Cam 7/N884A6_ch7_main_20240731233001_20240801000000.mp4,-9223372036854775808,-9223372036854775808,-9223372036854775808,26980,14.993720198730704,949328984,256,3,True
/lustre/isaac24/scratch/eopoku2/downey_cross_sucking_videos_2024/2 weeks post-grouping (not annotated)/Group 2 Week 2/Cam 7/N884A6_ch7_main_20240801000000_20240801003001.mp4,-9223372036854775808,-9223372036854775808,-9223372036854775808,27006,14.993587501457386,950350536,256,3,True
/lustre/isaac24/scratch/eopoku2/downey_cross_sucking_videos_2024/2 weeks post-grouping (not annotated)/Group 2 Week 2/Cam 7/N884A6_ch7_main_20240801003001_20240801010001.mp4,-9223372036854775808,-9223372036854775808,-9223372036854775808,26977,14.992886201453883,949187327,256,3,True
/lustre/isaac24/scratch/eopoku2/downey_cross_sucking_videos_2024/2 weeks post-grouping (not annotated)/Group 2 Week 2/Cam 7/N884A6_ch7_main_20240801010001_20240801013001.mp4,-9223372036854775808,-9223372036854775808,-9223372036854775808,26993,14.991280587366292,949498910,256,3,True
/lustre/isaac24/scratch/eopoku2/downey_cross_sucking_videos_2024/2 weeks post-grouping (not annotated)/Group 2 Week 2/Cam 7/N884A6_ch7_main_20240801013001_20240801020001.mp4,-9223372036854775808,-9223372036854775808,-9223372036854775808,26994,14.989255312650966,949467706,256,3,True
/lustre/isaac24/scratch/eopoku2/downey_cross_sucking_videos_2024/2 weeks post-grouping (not annotated)/Group 2 Week 2/Cam 7/N884A6_ch7_main_20240801020001_20240801023001.mp4,-9223372036854775808,-9223372036854775808,-9223372036854775808,26992,14.993806278156438,949483940,256,3,True
/lustre/isaac24/scratch/eopoku2/downey_cross_sucking_videos_2024/2 weeks post-grouping (not annotated)/Group 2 Week 2/Cam 7/N884A6_ch7_main_20240801023001_20240801030001.mp4,-9223372036854775808,-9223372036854775808,-9223372036854775808,26977,14.992969527207652,949314434,256,3,True
/lustre/isaac24/scratch/eopoku2/downey_cross_sucking_videos_2024/2 weeks post-grouping (not annotated)/Group 2 Week 2/Cam 7/N884A6_ch7_main_20240801030001_20240801033001.mp4,-9223372036854775808,-9223372036854775808,-9223372036854775808,26993,14.993528892246337,949448170,256,3,True
/lustre/isaac24/scratch/eopoku2/downey_cross_sucking_videos_2024/2 weeks post-grouping (not annotated)/Group 2 Week 2/Cam 7/N884A6_ch7_main_20240801033001_20240801040001.mp4,-9223372036854775808,-9223372036854775808,-9223372036854775808,26994,14.99366793308005,949543252,256,3,True
/lustre/isaac24/scratch/eopoku2/downey_cross_sucking_videos_2024/2 weeks post-grouping (not annotated)/Group 2 Week 2/Cam 7/N884A6_ch7_main_20240801040001_20240801043001.mp4,-9223372036854775808,-9223372036854775808,-9223372036854775808,26992,14.992390495339873,949367677,256,3,True
/lustre/isaac24/scratch/eopoku2/downey_cross_sucking_videos_2024/2 weeks post-grouping (not annotated)/Group 2 Week 2/Cam 7/N884A6_ch7_main_20240801043001_20240801050000.mp4,-9223372036854775808,-9223372036854775808,-9223372036854775808,26962,14.989048132623225,949033181,256,3,True
/lustre/isaac24/scratch/eopoku2/downey_cross_sucking_videos_2024/2 weeks post-grouping (not annotated)/Group 2 Week 2/Cam 8/N884A6_ch8_main_20240731043000_20240731050002.mp4,-9223372036854775808,-9223372036854775808,-9223372036854775808,27044,14.989219777966223,951971152,256,3,True
/lustre/isaac24/scratch/eopoku2/downey_cross_sucking_videos_2024/2 weeks post-grouping (not annotated)/Group 2 Week 2/Cam 8/N884A6_ch8_main_20240731050002_20240731053002.mp4,-9223372036854775808,-9223372036854775808,-9223372036854775808,26993,14.993445609669392,949321244,256,3,True
/lustre/isaac24/scratch/eopoku2/downey_cross_sucking_videos_2024/2 weeks post-grouping (not annotated)/Group 2 Week 2/Cam 8/N884A6_ch8_main_20240731053002_20240731060002.mp4,-9223372036854775808,-9223372036854775808,-9223372036854775808,26994,14.993584652043747,949460643,256,3,True
/lustre/isaac24/scratch/eopoku2/downey_cross_sucking_videos_2024/2 weeks post-grouping (not annotated)/Group 2 Week 2/Cam 8/N884A6_ch8_main_20240731060002_20240731063002.mp4,-9223372036854775808,-9223372036854775808,-9223372036854775808,26993,14.99386203180634,949289112,256,3,True
/lustre/isaac24/scratch/eopoku2/downey_cross_sucking_videos_2024/2 weeks post-grouping (not annotated)/Group 2 Week 2/Cam 8/N884A6_ch8_main_20240731063002_20240731070002.mp4,-9223372036854775808,-9223372036854775808,-9223372036854775808,26970,14.993162184098464,948315405,256,3,True
/lustre/isaac24/scratch/eopoku2/downey_cross_sucking_videos_2024/2 weeks post-grouping (not annotated)/Group 2 Week 2/Cam 8/N884A6_ch8_main_20240731070002_20240731073002.mp4,-9223372036854775808,-9223372036854775808,-9223372036854775808,26998,14.99239218560846,950166201,256,3,True
/lustre/isaac24/scratch/eopoku2/downey_cross_sucking_videos_2024/2 weeks post-grouping (not annotated)/Group 2 Week 2/Cam 8/N884A6_ch8_main_20240731073002_20240731080002.mp4,-9223372036854775808,-9223372036854775808,-9223372036854775808,26994,14.989172080626354,949460590,256,3,True
/lustre/isaac24/scratch/eopoku2/downey_cross_sucking_videos_2024/2 weeks post-grouping (not annotated)/Group 2 Week 2/Cam 8/N884A6_ch8_main_20240731080002_20240731083002.mp4,-9223372036854775808,-9223372036854775808,-9223372036854775808,26994,14.993251537149872,949313503,256,3,True
/lustre/isaac24/scratch/eopoku2/downey_cross_sucking_videos_2024/2 weeks post-grouping (not annotated)/Group 2 Week 2/Cam 8/N884A6_ch8_main_20240731083002_20240731090002.mp4,-9223372036854775808,-9223372036854775808,-9223372036854775808,26977,14.993802835688998,949134917,256,3,True
/lustre/isaac24/scratch/eopoku2/downey_cross_sucking_videos_2024/2 weeks post-grouping (not annotated)/Group 2 Week 2/Cam 8/N884A6_ch8_main_20240731090002_20240731093002.mp4,-9223372036854775808,-9223372036854775808,-9223372036854775808,26992,14.99422273575682,949160045,256,3,True
/lustre/isaac24/scratch/eopoku2/downey_cross_sucking_videos_2024/2 weeks post-grouping (not annotated)/Group 2 Week 2/Cam 8/N884A6_ch8_main_20240731093002_20240731100002.mp4,-9223372036854775808,-9223372036854775808,-9223372036854775808,26993,14.993445609669392,949207767,256,3,True
/lustre/isaac24/scratch/eopoku2/downey_cross_sucking_videos_2024/2 weeks post-grouping (not annotated)/Group 2 Week 2/Cam 8/N884A6_ch8_main_20240731100002_20240731103002.mp4,-9223372036854775808,-9223372036854775808,-9223372036854775808,26995,14.994056810228953,949943987,256,3,True
/lustre/isaac24/scratch/eopoku2/downey_cross_sucking_videos_2024/2 weeks post-grouping (not annotated)/Group 2 Week 2/Cam 8/N884A6_ch8_main_20240731103002_20240731110002.mp4,-9223372036854775808,-9223372036854775808,-9223372036854775808,26978,14.989026863349723,949090618,256,3,True
/lustre/isaac24/scratch/eopoku2/downey_cross_sucking_videos_2024/2 weeks post-grouping (not annotated)/Group 2 Week 2/Cam 8/N884A6_ch8_main_20240731110002_20240731113002.mp4,-9223372036854775808,-9223372036854775808,-9223372036854775808,26991,14.99391710598679,949024528,256,3,True
/lustre/isaac24/scratch/eopoku2/downey_cross_sucking_videos_2024/2 weeks post-grouping (not annotated)/Group 2 Week 2/Cam 8/N884A6_ch8_main_20240731113002_20240731120002.mp4,-9223372036854775808,-9223372036854775808,-9223372036854775808,26994,14.99400106647707,949159893,256,3,True
/lustre/isaac24/scratch/eopoku2/downey_cross_sucking_videos_2024/2 weeks post-grouping (not annotated)/Group 2 Week 2/Cam 8/N884A6_ch8_main_20240731120002_20240731123002.mp4,-9223372036854775808,-9223372036854775808,-9223372036854775808,26991,14.994000399973334,949205176,256,3,True
/lustre/isaac24/scratch/eopoku2/downey_cross_sucking_videos_2024/2 weeks post-grouping (not annotated)/Group 2 Week 2/Cam 8/N884A6_ch8_main_20240731123002_20240731130002.mp4,-9223372036854775808,-9223372036854775808,-9223372036854775808,26983,14.99513740309539,949398754,256,3,True
/lustre/isaac24/scratch/eopoku2/downey_cross_sucking_videos_2024/2 weeks post-grouping (not annotated)/Group 2 Week 2/Cam 8/N884A6_ch8_main_20240731130002_20240731133002.mp4,-9223372036854775808,-9223372036854775808,-9223372036854775808,26992,14.992390495339873,949391046,256,3,True
/lustre/isaac24/scratch/eopoku2/downey_cross_sucking_videos_2024/2 weeks post-grouping (not annotated)/Group 2 Week 2/Cam 8/N884A6_ch8_main_20240731133002_20240731140002.mp4,-9223372036854775808,-9223372036854775808,-9223372036854775808,26994,14.98858948233452,949556272,256,3,True
/lustre/isaac24/scratch/eopoku2/downey_cross_sucking_videos_2024/2 weeks post-grouping (not annotated)/Group 2 Week 2/Cam 8/N884A6_ch8_main_20240731140002_20240731143002.mp4,-9223372036854775808,-9223372036854775808,-9223372036854775808,26991,14.993583939294622,949340765,256,3,True
/lustre/isaac24/scratch/eopoku2/downey_cross_sucking_videos_2024/2 weeks post-grouping (not annotated)/Group 2 Week 2/Cam 8/N884A6_ch8_main_20240731143002_20240731150002.mp4,-9223372036854775808,-9223372036854775808,-9223372036854775808,26979,14.993997732476714,949307120,256,3,True
/lustre/isaac24/scratch/eopoku2/downey_cross_sucking_videos_2024/2 weeks post-grouping (not annotated)/Group 2 Week 2/Cam 8/N884A6_ch8_main_20240731150002_20240731153002.mp4,-9223372036854775808,-9223372036854775808,-9223372036854775808,26990,14.993861349836395,949421016,256,3,True
/lustre/isaac24/scratch/eopoku2/downey_cross_sucking_videos_2024/2 weeks post-grouping (not annotated)/Group 2 Week 2/Cam 8/N884A6_ch8_main_20240731153002_20240731160002.mp4,-9223372036854775808,-9223372036854775808,-9223372036854775808,26994,14.99508385226004,949388388,256,3,True
/lustre/isaac24/scratch/eopoku2/downey_cross_sucking_videos_2024/2 weeks post-grouping (not annotated)/Group 2 Week 2/Cam 8/N884A6_ch8_main_20240731160002_20240731163002.mp4,-9223372036854775808,-9223372036854775808,-9223372036854775808,26994,14.993001710692942,949241085,256,3,True
/lustre/isaac24/scratch/eopoku2/downey_cross_sucking_videos_2024/2 weeks post-grouping (not annotated)/Group 2 Week 2/Cam 8/N884A6_ch8_main_20240731163002_20240731170002.mp4,-9223372036854775808,-9223372036854775808,-9223372036854775808,26977,14.9888876541838,948978273,256,3,True
/lustre/isaac24/scratch/eopoku2/downey_cross_sucking_videos_2024/2 weeks post-grouping (not annotated)/Group 2 Week 2/Cam 8/N884A6_ch8_main_20240731170002_20240731173002.mp4,-9223372036854775808,-9223372036854775808,-9223372036854775808,26994,14.99400106647707,949041580,256,3,True
/lustre/isaac24/scratch/eopoku2/downey_cross_sucking_videos_2024/2 weeks post-grouping (not annotated)/Group 2 Week 2/Cam 8/N884A6_ch8_main_20240731173002_20240731180002.mp4,-9223372036854775808,-9223372036854775808,-9223372036854775808,26994,14.995000555493831,949238513,256,3,True
/lustre/isaac24/scratch/eopoku2/downey_cross_sucking_videos_2024/2 weeks post-grouping (not annotated)/Group 2 Week 2/Cam 8/N884A6_ch8_main_20240731180002_20240731183002.mp4,-9223372036854775808,-9223372036854775808,-9223372036854775808,26992,14.993722989412404,949305508,256,3,True
/lustre/isaac24/scratch/eopoku2/downey_cross_sucking_videos_2024/2 weeks post-grouping (not annotated)/Group 2 Week 2/Cam 8/N884A6_ch8_main_20240731183002_20240731190002.mp4,-9223372036854775808,-9223372036854775808,-9223372036854775808,26978,14.993525295807837,949391978,256,3,True
/lustre/isaac24/scratch/eopoku2/downey_cross_sucking_videos_2024/2 weeks post-grouping (not annotated)/Group 2 Week 2/Cam 8/N884A6_ch8_main_20240731190002_20240731193002.mp4,-9223372036854775808,-9223372036854775808,-9223372036854775808,26993,14.993279047291066,949360085,256,3,True
/lustre/isaac24/scratch/eopoku2/downey_cross_sucking_videos_2024/2 weeks post-grouping (not annotated)/Group 2 Week 2/Cam 8/N884A6_ch8_main_20240731193002_20240731200002.mp4,-9223372036854775808,-9223372036854775808,-9223372036854775808,26993,14.988450347600116,949515433,256,3,True
/lustre/isaac24/scratch/eopoku2/downey_cross_sucking_videos_2024/2 weeks post-grouping (not annotated)/Group 2 Week 2/Cam 8/N884A6_ch8_main_20240731200002_20240731203002.mp4,-9223372036854775808,-9223372036854775808,-9223372036854775808,26994,14.99316826073916,949524083,256,3,True
/lustre/isaac24/scratch/eopoku2/downey_cross_sucking_videos_2024/2 weeks post-grouping (not annotated)/Group 2 Week 2/Cam 8/N884A6_ch8_main_20240731203002_20240731210002.mp4,-9223372036854775808,-9223372036854775808,-9223372036854775808,26970,14.993578945612835,948656590,256,3,True
/lustre/isaac24/scratch/eopoku2/downey_cross_sucking_videos_2024/2 weeks post-grouping (not annotated)/Group 2 Week 2/Cam 8/N884A6_ch8_main_20240731210002_20240731213002.mp4,-9223372036854775808,-9223372036854775808,-9223372036854775808,26998,14.993807654072786,950095990,256,3,True
/lustre/isaac24/scratch/eopoku2/downey_cross_sucking_videos_2024/2 weeks post-grouping (not annotated)/Group 2 Week 2/Cam 8/N884A6_ch8_main_20240731213002_20240731220002.mp4,-9223372036854775808,-9223372036854775808,-9223372036854775808,26993,14.993029210662252,949506097,256,3,True
/lustre/isaac24/scratch/eopoku2/downey_cross_sucking_videos_2024/2 weeks post-grouping (not annotated)/Group 2 Week 2/Cam 8/N884A6_ch8_main_20240731220002_20240731223002.mp4,-9223372036854775808,-9223372036854775808,-9223372036854775808,26992,14.99222395023328,950116636,256,3,True
/lustre/isaac24/scratch/eopoku2/downey_cross_sucking_videos_2024/2 weeks post-grouping (not annotated)/Group 2 Week 2/Cam 8/N884A6_ch8_main_20240731223002_20240731230002.mp4,-9223372036854775808,-9223372036854775808,-9223372036854775808,26976,14.989331436699858,949228473,256,3,True
/lustre/isaac24/scratch/eopoku2/downey_cross_sucking_videos_2024/2 weeks post-grouping (not annotated)/Group 2 Week 2/Cam 8/N884A6_ch8_main_20240731230002_20240731233002.mp4,-9223372036854775808,-9223372036854775808,-9223372036854775808,26994,14.993584652043747,949534272,256,3,True
/lustre/isaac24/scratch/eopoku2/downey_cross_sucking_videos_2024/2 weeks post-grouping (not annotated)/Group 2 Week 2/Cam 8/N884A6_ch8_main_20240731233002_20240801000000.mp4,-9223372036854775808,-9223372036854775808,-9223372036854775808,26964,14.993160663248853,948442069,256,3,True
/lustre/isaac24/scratch/eopoku2/downey_cross_sucking_videos_2024/2 weeks post-grouping (not annotated)/Group 2 Week 2/Cam 8/N884A6_ch8_main_20240801000000_20240801003002.mp4,-9223372036854775808,-9223372036854775808,-9223372036854775808,27023,14.9938688431811,950498599,256,3,True
/lustre/isaac24/scratch/eopoku2/downey_cross_sucking_videos_2024/2 weeks post-grouping (not annotated)/Group 2 Week 2/Cam 8/N884A6_ch8_main_20240801003002_20240801010002.mp4,-9223372036854775808,-9223372036854775808,-9223372036854775808,26977,14.993719500672514,949253929,256,3,True
/lustre/isaac24/scratch/eopoku2/downey_cross_sucking_videos_2024/2 weeks post-grouping (not annotated)/Group 2 Week 2/Cam 8/N884A6_ch8_main_20240801010002_20240801013002.mp4,-9223372036854775808,-9223372036854775808,-9223372036854775808,26993,14.99252956238232,949525254,256,3,True
/lustre/isaac24/scratch/eopoku2/downey_cross_sucking_videos_2024/2 weeks post-grouping (not annotated)/Group 2 Week 2/Cam 8/N884A6_ch8_main_20240801013002_20240801020002.mp4,-9223372036854775808,-9223372036854775808,-9223372036854775808,26990,14.988615538401731,949389206,256,3,True
/lustre/isaac24/scratch/eopoku2/downey_cross_sucking_videos_2024/2 weeks post-grouping (not annotated)/Group 2 Week 2/Cam 8/N884A6_ch8_main_20240801020002_20240801023002.mp4,-9223372036854775808,-9223372036854775808,-9223372036854775808,26993,14.993528892246337,949517664,256,3,True
/lustre/isaac24/scratch/eopoku2/downey_cross_sucking_videos_2024/2 weeks post-grouping (not annotated)/Group 2 Week 2/Cam 8/N884A6_ch8_main_20240801023002_20240801030002.mp4,-9223372036854775808,-9223372036854775808,-9223372036854775808,26978,14.993108660857194,949309946,256,3,True
/lustre/isaac24/scratch/eopoku2/downey_cross_sucking_videos_2024/2 weeks post-grouping (not annotated)/Group 2 Week 2/Cam 8/N884A6_ch8_main_20240801030002_20240801033002.mp4,-9223372036854775808,-9223372036854775808,-9223372036854775808,26994,14.99366793308005,949486955,256,3,True
/lustre/isaac24/scratch/eopoku2/downey_cross_sucking_videos_2024/2 weeks post-grouping (not annotated)/Group 2 Week 2/Cam 8/N884A6_ch8_main_20240801033002_20240801040002.mp4,-9223372036854775808,-9223372036854775808,-9223372036854775808,26992,14.993389843689243,949467542,256,3,True
/lustre/isaac24/scratch/eopoku2/downey_cross_sucking_videos_2024/2 weeks post-grouping (not annotated)/Group 2 Week 2/Cam 8/N884A6_ch8_main_20240801040002_20240801043002.mp4,-9223372036854775808,-9223372036854775808,-9223372036854775808,26991,14.991418716639911,950119560,256,3,True
/lustre/isaac24/scratch/eopoku2/downey_cross_sucking_videos_2024/2 weeks post-grouping (not annotated)/Group 2 Week 2/Cam 8/N884A6_ch8_main_20240801043002_20240801050000.mp4,-9223372036854775808,-9223372036854775808,-9223372036854775808,26948,14.989098028745603,947963894,256,3,True
/lustre/isaac24/scratch/eopoku2/downey_cross_sucking_videos_2024/2 weeks post-grouping (not annotated)/Group 3 Week 2/Cam 14/N884A6_ch14_main_20240817043000_20240817050002.mp4,-9223372036854775808,-9223372036854775808,-9223372036854775808,27085,14.992997547757833,953340955,256,3,True
/lustre/isaac24/scratch/eopoku2/downey_cross_sucking_videos_2024/2 weeks post-grouping (not annotated)/Group 3 Week 2/Cam 14/N884A6_ch14_main_20240817050002_20240817053001.mp4,-9223372036854775808,-9223372036854775808,-9223372036854775808,26962,14.993382491964455,948382295,256,3,True
/lustre/isaac24/scratch/eopoku2/downey_cross_sucking_videos_2024/2 weeks post-grouping (not annotated)/Group 3 Week 2/Cam 14/N884A6_ch14_main_20240817053001_20240817060002.mp4,-9223372036854775808,-9223372036854775808,-9223372036854775808,27007,14.993393513429488,950284874,256,3,True
/lustre/isaac24/scratch/eopoku2/downey_cross_sucking_videos_2024/2 weeks post-grouping (not annotated)/Group 3 Week 2/Cam 14/N884A6_ch14_main_20240817060002_20240817063002.mp4,-9223372036854775808,-9223372036854775808,-9223372036854775808,26993,14.992696108108708,949456911,256,3,True
/lustre/isaac24/scratch/eopoku2/downey_cross_sucking_videos_2024/2 weeks post-grouping (not annotated)/Group 3 Week 2/Cam 14/N884A6_ch14_main_20240817063002_20240817070001.mp4,-9223372036854775808,-9223372036854775808,-9223372036854775808,26973,14.988913771929337,948967533,256,3,True
/lustre/isaac24/scratch/eopoku2/downey_cross_sucking_videos_2024/2 weeks post-grouping (not annotated)/Group 3 Week 2/Cam 14/N884A6_ch14_main_20240817070001_20240817073002.mp4,-9223372036854775808,-9223372036854775808,-9223372036854775808,26995,14.99205829103309,950214319,256,3,True
/lustre/isaac24/scratch/eopoku2/downey_cross_sucking_videos_2024/2 weeks post-grouping (not annotated)/Group 3 Week 2/Cam 14/N884A6_ch14_main_20240817073002_20240817080002.mp4,-9223372036854775808,-9223372036854775808,-9223372036854775808,26994,14.99283516434689,949486627,256,3,True
/lustre/isaac24/scratch/eopoku2/downey_cross_sucking_videos_2024/2 weeks post-grouping (not annotated)/Group 3 Week 2/Cam 14/N884A6_ch14_main_20240817080002_20240817083001.mp4,-9223372036854775808,-9223372036854775808,-9223372036854775808,26979,14.993247786774551,949329724,256,3,True
/lustre/isaac24/scratch/eopoku2/downey_cross_sucking_videos_2024/2 weeks post-grouping (not annotated)/Group 3 Week 2/Cam 14/N884A6_ch14_main_20240817083001_20240817090002.mp4,-9223372036854775808,-9223372036854775808,-9223372036854775808,26991,14.99333407399178,949379055,256,3,True
/lustre/isaac24/scratch/eopoku2/downey_cross_sucking_videos_2024/2 weeks post-grouping (not annotated)/Group 3 Week 2/Cam 14/N884A6_ch14_main_20240817090002_20240817093002.mp4,-9223372036854775808,-9223372036854775808,-9223372036854775808,26993,14.993528892246337,949616564,256,3,True
/lustre/isaac24/scratch/eopoku2/downey_cross_sucking_videos_2024/2 weeks post-grouping (not annotated)/Group 3 Week 2/Cam 14/N884A6_ch14_main_20240817093002_20240817100001.mp4,-9223372036854775808,-9223372036854775808,-9223372036854775808,26979,14.990165464667903,949296562,256,3,True
/lustre/isaac24/scratch/eopoku2/downey_cross_sucking_videos_2024/2 weeks post-grouping (not annotated)/Group 3 Week 2/Cam 14/N884A6_ch14_main_20240817100001_20240817103002.mp4,-9223372036854775808,-9223372036854775808,-9223372036854775808,27006,14.991673143110914,950299643,256,3,True
/lustre/isaac24/scratch/eopoku2/downey_cross_sucking_videos_2024/2 weeks post-grouping (not annotated)/Group 3 Week 2/Cam 14/N884A6_ch14_main_20240817103002_20240817110002.mp4,-9223372036854775808,-9223372036854775808,-9223372036854775808,26978,14.993941953914389,948670482,256,3,True
/lustre/isaac24/scratch/eopoku2/downey_cross_sucking_videos_2024/2 weeks post-grouping (not annotated)/Group 3 Week 2/Cam 14/N884A6_ch14_main_20240817110002_20240817113001.mp4,-9223372036854775808,-9223372036854775808,-9223372036854775808,26978,14.993108660857194,948549515,256,3,True
/lustre/isaac24/scratch/eopoku2/downey_cross_sucking_videos_2024/2 weeks post-grouping (not annotated)/Group 3 Week 2/Cam 14/N884A6_ch14_main_20240817113001_20240817120002.mp4,-9223372036854775808,-9223372036854775808,-9223372036854775808,27009,14.993671448239107,949572130,256,3,True
/lustre/isaac24/scratch/eopoku2/downey_cross_sucking_videos_2024/2 weeks post-grouping (not annotated)/Group 3 Week 2/Cam 14/N884A6_ch14_main_20240817120002_20240817123002.mp4,-9223372036854775808,-9223372036854775808,-9223372036854775808,26990,14.993611466029664,949172822,256,3,True
/lustre/isaac24/scratch/eopoku2/downey_cross_sucking_videos_2024/2 weeks post-grouping (not annotated)/Group 3 Week 2/Cam 14/N884A6_ch14_main_20240817123002_20240817130001.mp4,-9223372036854775808,-9223372036854775808,-9223372036854775808,26962,14.989381455908024,948288377,256,3,True
/lustre/isaac24/scratch/eopoku2/downey_cross_sucking_videos_2024/2 weeks post-grouping (not annotated)/Group 3 Week 2/Cam 14/N884A6_ch14_main_20240817130001_20240817133002.mp4,-9223372036854775808,-9223372036854775808,-9223372036854775808,27010,14.990065820873983,950232559,256,3,True
/lustre/isaac24/scratch/eopoku2/downey_cross_sucking_videos_2024/2 weeks post-grouping (not annotated)/Group 3 Week 2/Cam 14/N884A6_ch14_main_20240817133002_20240817140002.mp4,-9223372036854775808,-9223372036854775808,-9223372036854775808,26991,14.993667229579591,949424002,256,3,True
/lustre/isaac24/scratch/eopoku2/downey_cross_sucking_videos_2024/2 weeks post-grouping (not annotated)/Group 3 Week 2/Cam 14/N884A6_ch14_main_20240817140002_20240817143001.mp4,-9223372036854775808,-9223372036854775808,-9223372036854775808,26978,14.993525295807837,949351751,256,3,True
/lustre/isaac24/scratch/eopoku2/downey_cross_sucking_videos_2024/2 weeks post-grouping (not annotated)/Group 3 Week 2/Cam 14/N884A6_ch14_main_20240817143001_20240817150002.mp4,-9223372036854775808,-9223372036854775808,-9223372036854775808,26993,14.993945319009477,949354451,256,3,True
/lustre/isaac24/scratch/eopoku2/downey_cross_sucking_videos_2024/2 weeks post-grouping (not annotated)/Group 3 Week 2/Cam 14/N884A6_ch14_main_20240817150002_20240817153002.mp4,-9223372036854775808,-9223372036854775808,-9223372036854775808,26993,14.993945319009477,949417411,256,3,True
/lustre/isaac24/scratch/eopoku2/downey_cross_sucking_videos_2024/2 weeks post-grouping (not annotated)/Group 3 Week 2/Cam 14/N884A6_ch14_main_20240817153002_20240817160001.mp4,-9223372036854775808,-9223372036854775808,-9223372036854775808,26979,14.98874968749132,949363909,256,3,True
/lustre/isaac24/scratch/eopoku2/downey_cross_sucking_videos_2024/2 weeks post-grouping (not annotated)/Group 3 Week 2/Cam 14/N884A6_ch14_main_20240817160001_20240817163002.mp4,-9223372036854775808,-9223372036854775808,-9223372036854775808,27006,14.991673143110914,950314638,256,3,True
/lustre/isaac24/scratch/eopoku2/downey_cross_sucking_videos_2024/2 weeks post-grouping (not annotated)/Group 3 Week 2/Cam 14/N884A6_ch14_main_20240817163002_20240817170002.mp4,-9223372036854775808,-9223372036854775808,-9223372036854775808,26993,14.993528892246337,949036958,256,3,True
/lustre/isaac24/scratch/eopoku2/downey_cross_sucking_videos_2024/2 weeks post-grouping (not annotated)/Group 3 Week 2/Cam 14/N884A6_ch14_main_20240817170002_20240817173001.mp4,-9223372036854775808,-9223372036854775808,-9223372036854775808,26963,14.993104828844055,948106440,256,3,True
/lustre/isaac24/scratch/eopoku2/downey_cross_sucking_videos_2024/2 weeks post-grouping (not annotated)/Group 3 Week 2/Cam 14/N884A6_ch14_main_20240817173001_20240817180002.mp4,-9223372036854775808,-9223372036854775808,-9223372036854775808,27006,14.993670745519552,949970552,256,3,True
/lustre/isaac24/scratch/eopoku2/downey_cross_sucking_videos_2024/2 weeks post-grouping (not annotated)/Group 3 Week 2/Cam 14/N884A6_ch14_main_20240817180002_20240817183002.mp4,-9223372036854775808,-9223372036854775808,-9223372036854775808,26994,14.993251537149872,948608776,256,3,True
/lustre/isaac24/scratch/eopoku2/downey_cross_sucking_videos_2024/2 weeks post-grouping (not annotated)/Group 3 Week 2/Cam 14/N884A6_ch14_main_20240817183002_20240817190001.mp4,-9223372036854775808,-9223372036854775808,-9223372036854775808,26979,14.989665748066496,948741147,256,3,True
/lustre/isaac24/scratch/eopoku2/downey_cross_sucking_videos_2024/2 weeks post-grouping (not annotated)/Group 3 Week 2/Cam 14/N884A6_ch14_main_20240817190001_20240817193002.mp4,-9223372036854775808,-9223372036854775808,-9223372036854775808,26991,14.991085660966304,949447675,256,3,True
/lustre/isaac24/scratch/eopoku2/downey_cross_sucking_videos_2024/2 weeks post-grouping (not annotated)/Group 3 Week 2/Cam 14/N884A6_ch14_main_20240817193002_20240817200002.mp4,-9223372036854775808,-9223372036854775808,-9223372036854775808,26993,14.99411189619162,949575697,256,3,True
/lustre/isaac24/scratch/eopoku2/downey_cross_sucking_videos_2024/2 weeks post-grouping (not annotated)/Group 3 Week 2/Cam 14/N884A6_ch14_main_20240817200002_20240817203001.mp4,-9223372036854775808,-9223372036854775808,-9223372036854775808,26976,14.993663709731209,949317202,256,3,True
/lustre/isaac24/scratch/eopoku2/downey_cross_sucking_videos_2024/2 weeks post-grouping (not annotated)/Group 3 Week 2/Cam 14/N884A6_ch14_main_20240817203001_20240817210002.mp4,-9223372036854775808,-9223372036854775808,-9223372036854775808,27008,14.993948680368186,950364740,256,3,True
/lustre/isaac24/scratch/eopoku2/downey_cross_sucking_videos_2024/2 weeks post-grouping (not annotated)/Group 3 Week 2/Cam 14/N884A6_ch14_main_20240817210002_20240817213002.mp4,-9223372036854775808,-9223372036854775808,-9223372036854775808,26978,14.993941953914389,949075042,256,3,True
/lustre/isaac24/scratch/eopoku2/downey_cross_sucking_videos_2024/2 weeks post-grouping (not annotated)/Group 3 Week 2/Cam 14/N884A6_ch14_main_20240817213002_20240817220001.mp4,-9223372036854775808,-9223372036854775808,-9223372036854775808,26978,14.9902761571373,949273435,256,3,True
/lustre/isaac24/scratch/eopoku2/downey_cross_sucking_videos_2024/2 weeks post-grouping (not annotated)/Group 3 Week 2/Cam 14/N884A6_ch14_main_20240817220001_20240817223002.mp4,-9223372036854775808,-9223372036854775808,-9223372036854775808,27007,14.991229628313867,950330490,256,3,True
/lustre/isaac24/scratch/eopoku2/downey_cross_sucking_videos_2024/2 weeks post-grouping (not annotated)/Group 3 Week 2/Cam 14/N884A6_ch14_main_20240817223002_20240817230002.mp4,-9223372036854775808,-9223372036854775808,-9223372036854775808,26992,14.993806278156438,949433975,256,3,True
/lustre/isaac24/scratch/eopoku2/downey_cross_sucking_videos_2024/2 weeks post-grouping (not annotated)/Group 3 Week 2/Cam 14/N884A6_ch14_main_20240817230002_20240817233001.mp4,-9223372036854775808,-9223372036854775808,-9223372036854775808,26965,14.993049763691966,948365626,256,3,True
/lustre/isaac24/scratch/eopoku2/downey_cross_sucking_videos_2024/2 weeks post-grouping (not annotated)/Group 3 Week 2/Cam 14/N884A6_ch14_main_20240817233001_20240818000000.mp4,-9223372036854775808,-9223372036854775808,-9223372036854775808,26977,14.992886201453883,949303410,256,3,True
/lustre/isaac24/scratch/eopoku2/downey_cross_sucking_videos_2024/2 weeks post-grouping (not annotated)/Group 3 Week 2/Cam 14/N884A6_ch14_main_20240818000000_20240818003002.mp4,-9223372036854775808,-9223372036854775808,-9223372036854775808,27022,14.993813151630498,950486616,256,3,True
/lustre/isaac24/scratch/eopoku2/downey_cross_sucking_videos_2024/2 weeks post-grouping (not annotated)/Group 3 Week 2/Cam 14/N884A6_ch14_main_20240818003002_20240818010001.mp4,-9223372036854775808,-9223372036854775808,-9223372036854775808,26975,14.989442098244057,949230997,256,3,True
/lustre/isaac24/scratch/eopoku2/downey_cross_sucking_videos_2024/2 weeks post-grouping (not annotated)/Group 3 Week 2/Cam 14/N884A6_ch14_main_20240818010001_20240818013002.mp4,-9223372036854775808,-9223372036854775808,-9223372036854775808,26995,14.992224813950903,950145629,256,3,True
/lustre/isaac24/scratch/eopoku2/downey_cross_sucking_videos_2024/2 weeks post-grouping (not annotated)/Group 3 Week 2/Cam 14/N884A6_ch14_main_20240818013002_20240818020002.mp4,-9223372036854775808,-9223372036854775808,-9223372036854775808,26991,14.993667229579591,949320707,256,3,True
/lustre/isaac24/scratch/eopoku2/downey_cross_sucking_videos_2024/2 weeks post-grouping (not annotated)/Group 3 Week 2/Cam 14/N884A6_ch14_main_20240818020002_20240818023001.mp4,-9223372036854775808,-9223372036854775808,-9223372036854775808,26977,14.993386169869837,949281016,256,3,True
/lustre/isaac24/scratch/eopoku2/downey_cross_sucking_videos_2024/2 weeks post-grouping (not annotated)/Group 3 Week 2/Cam 14/N884A6_ch14_main_20240818023001_20240818030002.mp4,-9223372036854775808,-9223372036854775808,-9223372036854775808,27009,14.993671448239107,950378347,256,3,True
/lustre/isaac24/scratch/eopoku2/downey_cross_sucking_videos_2024/2 weeks post-grouping (not annotated)/Group 3 Week 2/Cam 14/N884A6_ch14_main_20240818030002_20240818033002.mp4,-9223372036854775808,-9223372036854775808,-9223372036854775808,26977,14.993052853887622,949289286,256,3,True
/lustre/isaac24/scratch/eopoku2/downey_cross_sucking_videos_2024/2 weeks post-grouping (not annotated)/Group 3 Week 2/Cam 14/N884A6_ch14_main_20240818033002_20240818040001.mp4,-9223372036854775808,-9223372036854775808,-9223372036854775808,26977,14.989720508973718,949255680,256,3,True
/lustre/isaac24/scratch/eopoku2/downey_cross_sucking_videos_2024/2 weeks post-grouping (not annotated)/Group 3 Week 2/Cam 14/N884A6_ch14_main_20240818040001_20240818043002.mp4,-9223372036854775808,-9223372036854775808,-9223372036854775808,27010,14.991064193501836,950364931,256,3,True
/lustre/isaac24/scratch/eopoku2/downey_cross_sucking_videos_2024/2 weeks post-grouping (not annotated)/Group 3 Week 2/Cam 14/N884A6_ch14_main_20240818043002_20240818050000.mp4,-9223372036854775808,-9223372036854775808,-9223372036854775808,26960,14.99393791085948,948270223,256,3,True
/lustre/isaac24/scratch/eopoku2/downey_cross_sucking_videos_2024/2 weeks post-grouping (not annotated)/Group 3 Week 2/Cam 2/N884A6_ch2_main_20240817043000_20240817050000.mp4,-9223372036854775808,-9223372036854775808,-9223372036854775808,27051,14.993598164252814,951575090,256,3,True
/lustre/isaac24/scratch/eopoku2/downey_cross_sucking_videos_2024/2 weeks post-grouping (not annotated)/Group 3 Week 2/Cam 2/N884A6_ch2_main_20240817050000_20240817053000.mp4,-9223372036854775808,-9223372036854775808,-9223372036854775808,26978,14.993525295807837,949221475,256,3,True
/lustre/isaac24/scratch/eopoku2/downey_cross_sucking_videos_2024/2 weeks post-grouping (not annotated)/Group 3 Week 2/Cam 2/N884A6_ch2_main_20240817053000_20240817060000.mp4,-9223372036854775808,-9223372036854775808,-9223372036854775808,26994,14.99366793308005,949582723,256,3,True
/lustre/isaac24/scratch/eopoku2/downey_cross_sucking_videos_2024/2 weeks post-grouping (not annotated)/Group 3 Week 2/Cam 2/N884A6_ch2_main_20240817060000_20240817063000.mp4,-9223372036854775808,-9223372036854775808,-9223372036854775808,26990,14.9935281732783,949310358,256,3,True
/lustre/isaac24/scratch/eopoku2/downey_cross_sucking_videos_2024/2 weeks post-grouping (not annotated)/Group 3 Week 2/Cam 2/N884A6_ch2_main_20240817063000_20240817070000.mp4,-9223372036854775808,-9223372036854775808,-9223372036854775808,26993,14.988783261516591,949859733,256,3,True
/lustre/isaac24/scratch/eopoku2/downey_cross_sucking_videos_2024/2 weeks post-grouping (not annotated)/Group 3 Week 2/Cam 2/N884A6_ch2_main_20240817070000_20240817073000.mp4,-9223372036854775808,-9223372036854775808,-9223372036854775808,26977,14.992052994853898,949283770,256,3,True
/lustre/isaac24/scratch/eopoku2/downey_cross_sucking_videos_2024/2 weeks post-grouping (not annotated)/Group 3 Week 2/Cam 2/N884A6_ch2_main_20240817073000_20240817080000.mp4,-9223372036854775808,-9223372036854775808,-9223372036854775808,26995,14.992974212861911,949388496,256,3,True
/lustre/isaac24/scratch/eopoku2/downey_cross_sucking_videos_2024/2 weeks post-grouping (not annotated)/Group 3 Week 2/Cam 2/N884A6_ch2_main_20240817080000_20240817083000.mp4,-9223372036854775808,-9223372036854775808,-9223372036854775808,26993,14.993945319009477,949510468,256,3,True
/lustre/isaac24/scratch/eopoku2/downey_cross_sucking_videos_2024/2 weeks post-grouping (not annotated)/Group 3 Week 2/Cam 2/N884A6_ch2_main_20240817083000_20240817090000.mp4,-9223372036854775808,-9223372036854775808,-9223372036854775808,26978,14.993941953914389,949220088,256,3,True
/lustre/isaac24/scratch/eopoku2/downey_cross_sucking_videos_2024/2 weeks post-grouping (not annotated)/Group 3 Week 2/Cam 2/N884A6_ch2_main_20240817090000_20240817093000.mp4,-9223372036854775808,-9223372036854775808,-9223372036854775808,26990,14.993861349836395,949480903,256,3,True
/lustre/isaac24/scratch/eopoku2/downey_cross_sucking_videos_2024/2 weeks post-grouping (not annotated)/Group 3 Week 2/Cam 2/N884A6_ch2_main_20240817093000_20240817100000.mp4,-9223372036854775808,-9223372036854775808,-9223372036854775808,26994,14.98983796270588,949370306,256,3,True
/lustre/isaac24/scratch/eopoku2/downey_cross_sucking_videos_2024/2 weeks post-grouping (not annotated)/Group 3 Week 2/Cam 2/N884A6_ch2_main_20240817100000_20240817103000.mp4,-9223372036854775808,-9223372036854775808,-9223372036854775808,26994,14.991253158581625,949477034,256,3,True
/lustre/isaac24/scratch/eopoku2/downey_cross_sucking_videos_2024/2 weeks post-grouping (not annotated)/Group 3 Week 2/Cam 2/N884A6_ch2_main_20240817103000_20240817110000.mp4,-9223372036854775808,-9223372036854775808,-9223372036854775808,26978,14.993941953914389,948749026,256,3,True
/lustre/isaac24/scratch/eopoku2/downey_cross_sucking_videos_2024/2 weeks post-grouping (not annotated)/Group 3 Week 2/Cam 2/N884A6_ch2_main_20240817110000_20240817113000.mp4,-9223372036854775808,-9223372036854775808,-9223372036854775808,26994,14.994084352139351,948649173,256,3,True
/lustre/isaac24/scratch/eopoku2/downey_cross_sucking_videos_2024/2 weeks post-grouping (not annotated)/Group 3 Week 2/Cam 2/N884A6_ch2_main_20240817113000_20240817120000.mp4,-9223372036854775808,-9223372036854775808,-9223372036854775808,26992,14.993806278156438,948818744,256,3,True
/lustre/isaac24/scratch/eopoku2/downey_cross_sucking_videos_2024/2 weeks post-grouping (not annotated)/Group 3 Week 2/Cam 2/N884A6_ch2_main_20240817120000_20240817123000.mp4,-9223372036854775808,-9223372036854775808,-9223372036854775808,26992,14.993389843689243,949179219,256,3,True
/lustre/isaac24/scratch/eopoku2/downey_cross_sucking_videos_2024/2 weeks post-grouping (not annotated)/Group 3 Week 2/Cam 2/N884A6_ch2_main_20240817123000_20240817130000.mp4,-9223372036854775808,-9223372036854775808,-9223372036854775808,26980,14.990387927681658,949027681,256,3,True
/lustre/isaac24/scratch/eopoku2/downey_cross_sucking_videos_2024/2 weeks post-grouping (not annotated)/Group 3 Week 2/Cam 2/N884A6_ch2_main_20240817130000_20240817133000.mp4,-9223372036854775808,-9223372036854775808,-9223372036854775808,26990,14.991196351901532,949075202,256,3,True
/lustre/isaac24/scratch/eopoku2/downey_cross_sucking_videos_2024/2 weeks post-grouping (not annotated)/Group 3 Week 2/Cam 2/N884A6_ch2_main_20240817133000_20240817140000.mp4,-9223372036854775808,-9223372036854775808,-9223372036854775808,26994,14.99366793308005,949343366,256,3,True
/lustre/isaac24/scratch/eopoku2/downey_cross_sucking_videos_2024/2 weeks post-grouping (not annotated)/Group 3 Week 2/Cam 2/N884A6_ch2_main_20240817140000_20240817143000.mp4,-9223372036854775808,-9223372036854775808,-9223372036854775808,26994,14.99366793308005,949272284,256,3,True
/lustre/isaac24/scratch/eopoku2/downey_cross_sucking_videos_2024/2 weeks post-grouping (not annotated)/Group 3 Week 2/Cam 2/N884A6_ch2_main_20240817143000_20240817150000.mp4,-9223372036854775808,-9223372036854775808,-9223372036854775808,26978,14.993525295807837,949218696,256,3,True
/lustre/isaac24/scratch/eopoku2/downey_cross_sucking_videos_2024/2 weeks post-grouping (not annotated)/Group 3 Week 2/Cam 2/N884A6_ch2_main_20240817150000_20240817153000.mp4,-9223372036854775808,-9223372036854775808,-9223372036854775808,26990,14.993111723402365,949313398,256,3,True
/lustre/isaac24/scratch/eopoku2/downey_cross_sucking_videos_2024/2 weeks post-grouping (not annotated)/Group 3 Week 2/Cam 2/N884A6_ch2_main_20240817153000_20240817160000.mp4,-9223372036854775808,-9223372036854775808,-9223372036854775808,26994,14.990587150766634,949214524,256,3,True
/lustre/isaac24/scratch/eopoku2/downey_cross_sucking_videos_2024/2 weeks post-grouping (not annotated)/Group 3 Week 2/Cam 2/N884A6_ch2_main_20240817160000_20240817163000.mp4,-9223372036854775808,-9223372036854775808,-9223372036854775808,26993,14.991030817334126,949172888,256,3,True
/lustre/isaac24/scratch/eopoku2/downey_cross_sucking_videos_2024/2 weeks post-grouping (not annotated)/Group 3 Week 2/Cam 2/N884A6_ch2_main_20240817163000_20240817170000.mp4,-9223372036854775808,-9223372036854775808,-9223372036854775808,26995,14.994223377546714,949138886,256,3,True
/lustre/isaac24/scratch/eopoku2/downey_cross_sucking_videos_2024/2 weeks post-grouping (not annotated)/Group 3 Week 2/Cam 2/N884A6_ch2_main_20240817170000_20240817173000.mp4,-9223372036854775808,-9223372036854775808,-9223372036854775808,26970,14.99407909001451,948119713,256,3,True
/lustre/isaac24/scratch/eopoku2/downey_cross_sucking_videos_2024/2 weeks post-grouping (not annotated)/Group 3 Week 2/Cam 2/N884A6_ch2_main_20240817173000_20240817180000.mp4,-9223372036854775808,-9223372036854775808,-9223372036854775808,27000,14.994168934303326,949962381,256,3,True
/lustre/isaac24/scratch/eopoku2/downey_cross_sucking_videos_2024/2 weeks post-grouping (not annotated)/Group 3 Week 2/Cam 2/N884A6_ch2_main_20240817180000_20240817183000.mp4,-9223372036854775808,-9223372036854775808,-9223372036854775808,26990,14.993944646289568,948401059,256,3,True
/lustre/isaac24/scratch/eopoku2/downey_cross_sucking_videos_2024/2 weeks post-grouping (not annotated)/Group 3 Week 2/Cam 2/N884A6_ch2_main_20240817183000_20240817190000.mp4,-9223372036854775808,-9223372036854775808,-9223372036854775808,26996,14.989949692938133,948949307,256,3,True
/lustre/isaac24/scratch/eopoku2/downey_cross_sucking_videos_2024/2 weeks post-grouping (not annotated)/Group 3 Week 2/Cam 2/N884A6_ch2_main_20240817190000_20240817193000.mp4,-9223372036854775808,-9223372036854775808,-9223372036854775808,26979,14.991748120405203,949413929,256,3,True
/lustre/isaac24/scratch/eopoku2/downey_cross_sucking_videos_2024/2 weeks post-grouping (not annotated)/Group 3 Week 2/Cam 2/N884A6_ch2_main_20240817193000_20240817200000.mp4,-9223372036854775808,-9223372036854775808,-9223372036854775808,26991,14.99333407399178,949452843,256,3,True
/lustre/isaac24/scratch/eopoku2/downey_cross_sucking_videos_2024/2 weeks post-grouping (not annotated)/Group 3 Week 2/Cam 2/N884A6_ch2_main_20240817200000_20240817203000.mp4,-9223372036854775808,-9223372036854775808,-9223372036854775808,26991,14.993667229579591,949429950,256,3,True
/lustre/isaac24/scratch/eopoku2/downey_cross_sucking_videos_2024/2 weeks post-grouping (not annotated)/Group 3 Week 2/Cam 2/N884A6_ch2_main_20240817203000_20240817210000.mp4,-9223372036854775808,-9223372036854775808,-9223372036854775808,26994,14.993251537149872,949591574,256,3,True
/lustre/isaac24/scratch/eopoku2/downey_cross_sucking_videos_2024/2 weeks post-grouping (not annotated)/Group 3 Week 2/Cam 2/N884A6_ch2_main_20240817210000_20240817213000.mp4,-9223372036854775808,-9223372036854775808,-9223372036854775808,26978,14.993108660857194,949281201,256,3,True
/lustre/isaac24/scratch/eopoku2/downey_cross_sucking_videos_2024/2 weeks post-grouping (not annotated)/Group 3 Week 2/Cam 2/N884A6_ch2_main_20240817213000_20240817220000.mp4,-9223372036854775808,-9223372036854775808,-9223372036854775808,26991,14.989587093549552,949499470,256,3,True
/lustre/isaac24/scratch/eopoku2/downey_cross_sucking_videos_2024/2 weeks post-grouping (not annotated)/Group 3 Week 2/Cam 2/N884A6_ch2_main_20240817220000_20240817223000.mp4,-9223372036854775808,-9223372036854775808,-9223372036854775808,26994,14.991253158581625,949468900,256,3,True
/lustre/isaac24/scratch/eopoku2/downey_cross_sucking_videos_2024/2 weeks post-grouping (not annotated)/Group 3 Week 2/Cam 2/N884A6_ch2_main_20240817223000_20240817230000.mp4,-9223372036854775808,-9223372036854775808,-9223372036854775808,26993,14.993945319009477,949481557,256,3,True
/lustre/isaac24/scratch/eopoku2/downey_cross_sucking_videos_2024/2 weeks post-grouping (not annotated)/Group 3 Week 2/Cam 2/N884A6_ch2_main_20240817230000_20240817233000.mp4,-9223372036854775808,-9223372036854775808,-9223372036854775808,26977,14.993802835688998,949309673,256,3,True
/lustre/isaac24/scratch/eopoku2/downey_cross_sucking_videos_2024/2 weeks post-grouping (not annotated)/Group 3 Week 2/Cam 2/N884A6_ch2_main_20240817233000_20240818000000.mp4,-9223372036854775808,-9223372036854775808,-9223372036854775808,26994,14.994084352139351,949470195,256,3,True
/lustre/isaac24/scratch/eopoku2/downey_cross_sucking_videos_2024/2 weeks post-grouping (not annotated)/Group 3 Week 2/Cam 2/N884A6_ch2_main_20240818000000_20240818003000.mp4,-9223372036854775808,-9223372036854775808,-9223372036854775808,26990,14.993444881452348,949257318,256,3,True
/lustre/isaac24/scratch/eopoku2/downey_cross_sucking_videos_2024/2 weeks post-grouping (not annotated)/Group 3 Week 2/Cam 2/N884A6_ch2_main_20240818003000_20240818010000.mp4,-9223372036854775808,-9223372036854775808,-9223372036854775808,26995,14.989644124359351,950071580,256,3,True
/lustre/isaac24/scratch/eopoku2/downey_cross_sucking_videos_2024/2 weeks post-grouping (not annotated)/Group 3 Week 2/Cam 2/N884A6_ch2_main_20240818010000_20240818013000.mp4,-9223372036854775808,-9223372036854775808,-9223372036854775808,26979,14.990831805300884,949179515,256,3,True
/lustre/isaac24/scratch/eopoku2/downey_cross_sucking_videos_2024/2 weeks post-grouping (not annotated)/Group 3 Week 2/Cam 2/N884A6_ch2_main_20240818013000_20240818020000.mp4,-9223372036854775808,-9223372036854775808,-9223372036854775808,26992,14.993806278156438,949266567,256,3,True
/lustre/isaac24/scratch/eopoku2/downey_cross_sucking_videos_2024/2 weeks post-grouping (not annotated)/Group 3 Week 2/Cam 2/N884A6_ch2_main_20240818020000_20240818023000.mp4,-9223372036854775808,-9223372036854775808,-9223372036854775808,26993,14.993945319009477,949501125,256,3,True
/lustre/isaac24/scratch/eopoku2/downey_cross_sucking_videos_2024/2 weeks post-grouping (not annotated)/Group 3 Week 2/Cam 2/N884A6_ch2_main_20240818023000_20240818030000.mp4,-9223372036854775808,-9223372036854775808,-9223372036854775808,26990,14.993944646289568,949462343,256,3,True
/lustre/isaac24/scratch/eopoku2/downey_cross_sucking_videos_2024/2 weeks post-grouping (not annotated)/Group 3 Week 2/Cam 2/N884A6_ch2_main_20240818030000_20240818033000.mp4,-9223372036854775808,-9223372036854775808,-9223372036854775808,26978,14.993441966965298,949367207,256,3,True
/lustre/isaac24/scratch/eopoku2/downey_cross_sucking_videos_2024/2 weeks post-grouping (not annotated)/Group 3 Week 2/Cam 2/N884A6_ch2_main_20240818033000_20240818040000.mp4,-9223372036854775808,-9223372036854775808,-9223372036854775808,26993,14.989449133718349,949387218,256,3,True
/lustre/isaac24/scratch/eopoku2/downey_cross_sucking_videos_2024/2 weeks post-grouping (not annotated)/Group 3 Week 2/Cam 2/N884A6_ch2_main_20240818040000_20240818043000.mp4,-9223372036854775808,-9223372036854775808,-9223372036854775808,26994,14.992085751575909,949506814,256,3,True
/lustre/isaac24/scratch/eopoku2/downey_cross_sucking_videos_2024/2 weeks post-grouping (not annotated)/Group 3 Week 2/Cam 2/N884A6_ch2_main_20240818043000_20240818050000.mp4,-9223372036854775808,-9223372036854775808,-9223372036854775808,26991,14.993250787408137,949383498,256,3,True
/lustre/isaac24/scratch/eopoku2/downey_cross_sucking_videos_2024/2 weeks post-grouping (not annotated)/Group 3 Week 2/Cam 7/N884A6_ch7_main_20240817043000_20240817050000.mp4,-9223372036854775808,-9223372036854775808,-9223372036854775808,27034,14.993815896750434,951205415,256,3,True
/lustre/isaac24/scratch/eopoku2/downey_cross_sucking_videos_2024/2 weeks post-grouping (not annotated)/Group 3 Week 2/Cam 7/N884A6_ch7_main_20240817050000_20240817053000.mp4,-9223372036854775808,-9223372036854775808,-9223372036854775808,26992,14.993889567825796,949480032,256,3,True
/lustre/isaac24/scratch/eopoku2/downey_cross_sucking_videos_2024/2 weeks post-grouping (not annotated)/Group 3 Week 2/Cam 7/N884A6_ch7_main_20240817053000_20240817060000.mp4,-9223372036854775808,-9223372036854775808,-9223372036854775808,26990,14.99402794366823,949484164,256,3,True
/lustre/isaac24/scratch/eopoku2/downey_cross_sucking_videos_2024/2 weeks post-grouping (not annotated)/Group 3 Week 2/Cam 7/N884A6_ch7_main_20240817060000_20240817063000.mp4,-9223372036854775808,-9223372036854775808,-9223372036854775808,26993,14.993528892246337,949406265,256,3,True
/lustre/isaac24/scratch/eopoku2/downey_cross_sucking_videos_2024/2 weeks post-grouping (not annotated)/Group 3 Week 2/Cam 7/N884A6_ch7_main_20240817063000_20240817070000.mp4,-9223372036854775808,-9223372036854775808,-9223372036854775808,26977,14.992886201453883,949048649,256,3,True
/lustre/isaac24/scratch/eopoku2/downey_cross_sucking_videos_2024/2 weeks post-grouping (not annotated)/Group 3 Week 2/Cam 7/N884A6_ch7_main_20240817070000_20240817073000.mp4,-9223372036854775808,-9223372036854775808,-9223372036854775808,26994,14.987590847764409,949440779,256,3,True
/lustre/isaac24/scratch/eopoku2/downey_cross_sucking_videos_2024/2 weeks post-grouping (not annotated)/Group 3 Week 2/Cam 7/N884A6_ch7_main_20240817073000_20240817080000.mp4,-9223372036854775808,-9223372036854775808,-9223372036854775808,26992,14.993889567825796,949344387,256,3,True
/lustre/isaac24/scratch/eopoku2/downey_cross_sucking_videos_2024/2 weeks post-grouping (not annotated)/Group 3 Week 2/Cam 7/N884A6_ch7_main_20240817080000_20240817083000.mp4,-9223372036854775808,-9223372036854775808,-9223372036854775808,26993,14.993195767489654,949347145,256,3,True
/lustre/isaac24/scratch/eopoku2/downey_cross_sucking_videos_2024/2 weeks post-grouping (not annotated)/Group 3 Week 2/Cam 7/N884A6_ch7_main_20240817083000_20240817090000.mp4,-9223372036854775808,-9223372036854775808,-9223372036854775808,26978,14.993025336645603,948844626,256,3,True
/lustre/isaac24/scratch/eopoku2/downey_cross_sucking_videos_2024/2 weeks post-grouping (not annotated)/Group 3 Week 2/Cam 7/N884A6_ch7_main_20240817090000_20240817093000.mp4,-9223372036854775808,-9223372036854775808,-9223372036854775808,26992,14.993056712770096,949141631,256,3,True
/lustre/isaac24/scratch/eopoku2/downey_cross_sucking_videos_2024/2 weeks post-grouping (not annotated)/Group 3 Week 2/Cam 7/N884A6_ch7_main_20240817093000_20240817100000.mp4,-9223372036854775808,-9223372036854775808,-9223372036854775808,26988,14.993333333333334,949113539,256,3,True
/lustre/isaac24/scratch/eopoku2/downey_cross_sucking_videos_2024/2 weeks post-grouping (not annotated)/Group 3 Week 2/Cam 7/N884A6_ch7_main_20240817100000_20240817103000.mp4,-9223372036854775808,-9223372036854775808,-9223372036854775808,26999,14.987953679956478,949719628,256,3,True
/lustre/isaac24/scratch/eopoku2/downey_cross_sucking_videos_2024/2 weeks post-grouping (not annotated)/Group 3 Week 2/Cam 7/N884A6_ch7_main_20240817103000_20240817110000.mp4,-9223372036854775808,-9223372036854775808,-9223372036854775808,26977,14.993886171631836,948023073,256,3,True
/lustre/isaac24/scratch/eopoku2/downey_cross_sucking_videos_2024/2 weeks post-grouping (not annotated)/Group 3 Week 2/Cam 7/N884A6_ch7_main_20240817110000_20240817113000.mp4,-9223372036854775808,-9223372036854775808,-9223372036854775808,26993,14.993528892246337,948184850,256,3,True
/lustre/isaac24/scratch/eopoku2/downey_cross_sucking_videos_2024/2 weeks post-grouping (not annotated)/Group 3 Week 2/Cam 7/N884A6_ch7_main_20240817113000_20240817120000.mp4,-9223372036854775808,-9223372036854775808,-9223372036854775808,26993,14.99369546017586,948541543,256,3,True
/lustre/isaac24/scratch/eopoku2/downey_cross_sucking_videos_2024/2 weeks post-grouping (not annotated)/Group 3 Week 2/Cam 7/N884A6_ch7_main_20240817120000_20240817123000.mp4,-9223372036854775808,-9223372036854775808,-9223372036854775808,26990,14.993611466029664,948809847,256,3,True
/lustre/isaac24/scratch/eopoku2/downey_cross_sucking_videos_2024/2 weeks post-grouping (not annotated)/Group 3 Week 2/Cam 7/N884A6_ch7_main_20240817123000_20240817130000.mp4,-9223372036854775808,-9223372036854775808,-9223372036854775808,26977,14.992636229749632,948696137,256,3,True
/lustre/isaac24/scratch/eopoku2/downey_cross_sucking_videos_2024/2 weeks post-grouping (not annotated)/Group 3 Week 2/Cam 7/N884A6_ch7_main_20240817130000_20240817133000.mp4,-9223372036854775808,-9223372036854775808,-9223372036854775808,26993,14.988200671867626,948738881,256,3,True
/lustre/isaac24/scratch/eopoku2/downey_cross_sucking_videos_2024/2 weeks post-grouping (not annotated)/Group 3 Week 2/Cam 7/N884A6_ch7_main_20240817133000_20240817140000.mp4,-9223372036854775808,-9223372036854775808,-9223372036854775808,26993,14.993528892246337,948986677,256,3,True
/lustre/isaac24/scratch/eopoku2/downey_cross_sucking_videos_2024/2 weeks post-grouping (not annotated)/Group 3 Week 2/Cam 7/N884A6_ch7_main_20240817140000_20240817143000.mp4,-9223372036854775808,-9223372036854775808,-9223372036854775808,26993,14.993612175748488,949156812,256,3,True
/lustre/isaac24/scratch/eopoku2/downey_cross_sucking_videos_2024/2 weeks post-grouping (not annotated)/Group 3 Week 2/Cam 7/N884A6_ch7_main_20240817143000_20240817150000.mp4,-9223372036854775808,-9223372036854775808,-9223372036854775808,26977,14.993886171631836,948957169,256,3,True
/lustre/isaac24/scratch/eopoku2/downey_cross_sucking_videos_2024/2 weeks post-grouping (not annotated)/Group 3 Week 2/Cam 7/N884A6_ch7_main_20240817150000_20240817153000.mp4,-9223372036854775808,-9223372036854775808,-9223372036854775808,26993,14.994028607137896,949294964,256,3,True
/lustre/isaac24/scratch/eopoku2/downey_cross_sucking_videos_2024/2 weeks post-grouping (not annotated)/Group 3 Week 2/Cam 7/N884A6_ch7_main_20240817153000_20240817160000.mp4,-9223372036854775808,-9223372036854775808,-9223372036854775808,26992,14.992806874295267,949744144,256,3,True
/lustre/isaac24/scratch/eopoku2/downey_cross_sucking_videos_2024/2 weeks post-grouping (not annotated)/Group 3 Week 2/Cam 7/N884A6_ch7_main_20240817160000_20240817163000.mp4,-9223372036854775808,-9223372036854775808,-9223372036854775808,26994,14.988672707889126,948953197,256,3,True
/lustre/isaac24/scratch/eopoku2/downey_cross_sucking_videos_2024/2 weeks post-grouping (not annotated)/Group 3 Week 2/Cam 7/N884A6_ch7_main_20240817163000_20240817170000.mp4,-9223372036854775808,-9223372036854775808,-9223372036854775808,26992,14.993889567825796,948617645,256,3,True
/lustre/isaac24/scratch/eopoku2/downey_cross_sucking_videos_2024/2 weeks post-grouping (not annotated)/Group 3 Week 2/Cam 7/N884A6_ch7_main_20240817170000_20240817173000.mp4,-9223372036854775808,-9223372036854775808,-9223372036854775808,26978,14.993525295807837,948502137,256,3,True
/lustre/isaac24/scratch/eopoku2/downey_cross_sucking_videos_2024/2 weeks post-grouping (not annotated)/Group 3 Week 2/Cam 7/N884A6_ch7_main_20240817173000_20240817180000.mp4,-9223372036854775808,-9223372036854775808,-9223372036854775808,26989,14.993805589968945,948695921,256,3,True
/lustre/isaac24/scratch/eopoku2/downey_cross_sucking_videos_2024/2 weeks post-grouping (not annotated)/Group 3 Week 2/Cam 7/N884A6_ch7_main_20240817180000_20240817183000.mp4,-9223372036854775808,-9223372036854775808,-9223372036854775808,26993,14.993612175748488,948303797,256,3,True
/lustre/isaac24/scratch/eopoku2/downey_cross_sucking_videos_2024/2 weeks post-grouping (not annotated)/Group 3 Week 2/Cam 7/N884A6_ch7_main_20240817183000_20240817190000.mp4,-9223372036854775808,-9223372036854775808,-9223372036854775808,26993,14.993528892246337,948664498,256,3,True
/lustre/isaac24/scratch/eopoku2/downey_cross_sucking_videos_2024/2 weeks post-grouping (not annotated)/Group 3 Week 2/Cam 7/N884A6_ch7_main_20240817190000_20240817193000.mp4,-9223372036854775808,-9223372036854775808,-9223372036854775808,26978,14.98811084690771,949185671,256,3,True
/lustre/isaac24/scratch/eopoku2/downey_cross_sucking_videos_2024/2 weeks post-grouping (not annotated)/Group 3 Week 2/Cam 7/N884A6_ch7_main_20240817193000_20240817200000.mp4,-9223372036854775808,-9223372036854775808,-9223372036854775808,26992,14.99264031993779,949384002,256,3,True
/lustre/isaac24/scratch/eopoku2/downey_cross_sucking_videos_2024/2 weeks post-grouping (not annotated)/Group 3 Week 2/Cam 7/N884A6_ch7_main_20240817200000_20240817203000.mp4,-9223372036854775808,-9223372036854775808,-9223372036854775808,26993,14.993612175748488,949417917,256,3,True
/lustre/isaac24/scratch/eopoku2/downey_cross_sucking_videos_2024/2 weeks post-grouping (not annotated)/Group 3 Week 2/Cam 7/N884A6_ch7_main_20240817203000_20240817210000.mp4,-9223372036854775808,-9223372036854775808,-9223372036854775808,26993,14.993528892246337,949421143,256,3,True
/lustre/isaac24/scratch/eopoku2/downey_cross_sucking_videos_2024/2 weeks post-grouping (not annotated)/Group 3 Week 2/Cam 7/N884A6_ch7_main_20240817210000_20240817213000.mp4,-9223372036854775808,-9223372036854775808,-9223372036854775808,26976,14.993330369052911,949222419,256,3,True
/lustre/isaac24/scratch/eopoku2/downey_cross_sucking_videos_2024/2 weeks post-grouping (not annotated)/Group 3 Week 2/Cam 7/N884A6_ch7_main_20240817213000_20240817220000.mp4,-9223372036854775808,-9223372036854775808,-9223372036854775808,26994,14.992335547508498,949488613,256,3,True
/lustre/isaac24/scratch/eopoku2/downey_cross_sucking_videos_2024/2 weeks post-grouping (not annotated)/Group 3 Week 2/Cam 7/N884A6_ch7_main_20240817220000_20240817223000.mp4,-9223372036854775808,-9223372036854775808,-9223372036854775808,26990,14.988782015682965,949284619,256,3,True
/lustre/isaac24/scratch/eopoku2/downey_cross_sucking_videos_2024/2 weeks post-grouping (not annotated)/Group 3 Week 2/Cam 7/N884A6_ch7_main_20240817223000_20240817230000.mp4,-9223372036854775808,-9223372036854775808,-9223372036854775808,26992,14.993056712770096,949421675,256,3,True
/lustre/isaac24/scratch/eopoku2/downey_cross_sucking_videos_2024/2 weeks post-grouping (not annotated)/Group 3 Week 2/Cam 7/N884A6_ch7_main_20240817230000_20240817233000.mp4,-9223372036854775808,-9223372036854775808,-9223372036854775808,26992,14.99347312873212,948933515,256,3,True
/lustre/isaac24/scratch/eopoku2/downey_cross_sucking_videos_2024/2 weeks post-grouping (not annotated)/Group 3 Week 2/Cam 7/N884A6_ch7_main_20240817233000_20240818000000.mp4,-9223372036854775808,-9223372036854775808,-9223372036854775808,26977,14.993886171631836,948998785,256,3,True
/lustre/isaac24/scratch/eopoku2/downey_cross_sucking_videos_2024/2 weeks post-grouping (not annotated)/Group 3 Week 2/Cam 7/N884A6_ch7_main_20240818000000_20240818003000.mp4,-9223372036854775808,-9223372036854775808,-9223372036854775808,26994,14.99375121504152,949574169,256,3,True
/lustre/isaac24/scratch/eopoku2/downey_cross_sucking_videos_2024/2 weeks post-grouping (not annotated)/Group 3 Week 2/Cam 7/N884A6_ch7_main_20240818003000_20240818010000.mp4,-9223372036854775808,-9223372036854775808,-9223372036854775808,26992,14.992806874295267,949920467,256,3,True
/lustre/isaac24/scratch/eopoku2/downey_cross_sucking_videos_2024/2 weeks post-grouping (not annotated)/Group 3 Week 2/Cam 7/N884A6_ch7_main_20240818010000_20240818013000.mp4,-9223372036854775808,-9223372036854775808,-9223372036854775808,26993,14.988533574692797,949545951,256,3,True
/lustre/isaac24/scratch/eopoku2/downey_cross_sucking_videos_2024/2 weeks post-grouping (not annotated)/Group 3 Week 2/Cam 7/N884A6_ch7_main_20240818013000_20240818020000.mp4,-9223372036854775808,-9223372036854775808,-9223372036854775808,26978,14.993191985994942,948751180,256,3,True
/lustre/isaac24/scratch/eopoku2/downey_cross_sucking_videos_2024/2 weeks post-grouping (not annotated)/Group 3 Week 2/Cam 7/N884A6_ch7_main_20240818020000_20240818023000.mp4,-9223372036854775808,-9223372036854775808,-9223372036854775808,26993,14.993528892246337,949175958,256,3,True
/lustre/isaac24/scratch/eopoku2/downey_cross_sucking_videos_2024/2 weeks post-grouping (not annotated)/Group 3 Week 2/Cam 7/N884A6_ch7_main_20240818023000_20240818030000.mp4,-9223372036854775808,-9223372036854775808,-9223372036854775808,26990,14.993195011526817,949277600,256,3,True
/lustre/isaac24/scratch/eopoku2/downey_cross_sucking_videos_2024/2 weeks post-grouping (not annotated)/Group 3 Week 2/Cam 7/N884A6_ch7_main_20240818030000_20240818033000.mp4,-9223372036854775808,-9223372036854775808,-9223372036854775808,26993,14.993612175748488,949471411,256,3,True
/lustre/isaac24/scratch/eopoku2/downey_cross_sucking_videos_2024/2 weeks post-grouping (not annotated)/Group 3 Week 2/Cam 7/N884A6_ch7_main_20240818033000_20240818040000.mp4,-9223372036854775808,-9223372036854775808,-9223372036854775808,26976,14.993080373270788,949307062,256,3,True
/lustre/isaac24/scratch/eopoku2/downey_cross_sucking_videos_2024/2 weeks post-grouping (not annotated)/Group 3 Week 2/Cam 7/N884A6_ch7_main_20240818040000_20240818043000.mp4,-9223372036854775808,-9223372036854775808,-9223372036854775808,26993,14.988283896187546,949510654,256,3,True
/lustre/isaac24/scratch/eopoku2/downey_cross_sucking_videos_2024/2 weeks post-grouping (not annotated)/Group 3 Week 2/Cam 7/N884A6_ch7_main_20240818043000_20240818050000.mp4,-9223372036854775808,-9223372036854775808,-9223372036854775808,26990,14.993028436203248,949382111,256,3,True
/lustre/isaac24/scratch/eopoku2/downey_cross_sucking_videos_2024/2 weeks post-grouping (not annotated)/Group 3 Week 2/Cam 8/N884A6_ch8_main_20240817043000_20240817050001.mp4,-9223372036854775808,-9223372036854775808,-9223372036854775808,27066,14.993684770325068,952382934,256,3,True
/lustre/isaac24/scratch/eopoku2/downey_cross_sucking_videos_2024/2 weeks post-grouping (not annotated)/Group 3 Week 2/Cam 8/N884A6_ch8_main_20240817050001_20240817053000.mp4,-9223372036854775808,-9223372036854775808,-9223372036854775808,26963,14.993855205280632,948412145,256,3,True
/lustre/isaac24/scratch/eopoku2/downey_cross_sucking_videos_2024/2 weeks post-grouping (not annotated)/Group 3 Week 2/Cam 8/N884A6_ch8_main_20240817053000_20240817060001.mp4,-9223372036854775808,-9223372036854775808,-9223372036854775808,27007,14.993809716801485,950313985,256,3,True
/lustre/isaac24/scratch/eopoku2/downey_cross_sucking_videos_2024/2 weeks post-grouping (not annotated)/Group 3 Week 2/Cam 8/N884A6_ch8_main_20240817060001_20240817063001.mp4,-9223372036854775808,-9223372036854775808,-9223372036854775808,26993,14.993528892246337,949470633,256,3,True
/lustre/isaac24/scratch/eopoku2/downey_cross_sucking_videos_2024/2 weeks post-grouping (not annotated)/Group 3 Week 2/Cam 8/N884A6_ch8_main_20240817063001_20240817070000.mp4,-9223372036854775808,-9223372036854775808,-9223372036854775808,26978,14.98919342382336,949109854,256,3,True
/lustre/isaac24/scratch/eopoku2/downey_cross_sucking_videos_2024/2 weeks post-grouping (not annotated)/Group 3 Week 2/Cam 8/N884A6_ch8_main_20240817070000_20240817073001.mp4,-9223372036854775808,-9223372036854775808,-9223372036854775808,26993,14.991114073086749,949456892,256,3,True
/lustre/isaac24/scratch/eopoku2/downey_cross_sucking_videos_2024/2 weeks post-grouping (not annotated)/Group 3 Week 2/Cam 8/N884A6_ch8_main_20240817073001_20240817080001.mp4,-9223372036854775808,-9223372036854775808,-9223372036854775808,26992,14.993806278156438,949455398,256,3,True
/lustre/isaac24/scratch/eopoku2/downey_cross_sucking_videos_2024/2 weeks post-grouping (not annotated)/Group 3 Week 2/Cam 8/N884A6_ch8_main_20240817080001_20240817083000.mp4,-9223372036854775808,-9223372036854775808,-9223372036854775808,26979,14.994081064408023,949248756,256,3,True
/lustre/isaac24/scratch/eopoku2/downey_cross_sucking_videos_2024/2 weeks post-grouping (not annotated)/Group 3 Week 2/Cam 8/N884A6_ch8_main_20240817083000_20240817090001.mp4,-9223372036854775808,-9223372036854775808,-9223372036854775808,26990,14.993944646289568,949296145,256,3,True
/lustre/isaac24/scratch/eopoku2/downey_cross_sucking_videos_2024/2 weeks post-grouping (not annotated)/Group 3 Week 2/Cam 8/N884A6_ch8_main_20240817090001_20240817093001.mp4,-9223372036854775808,-9223372036854775808,-9223372036854775808,26994,14.99366793308005,949369965,256,3,True
/lustre/isaac24/scratch/eopoku2/downey_cross_sucking_videos_2024/2 weeks post-grouping (not annotated)/Group 3 Week 2/Cam 8/N884A6_ch8_main_20240817093001_20240817100000.mp4,-9223372036854775808,-9223372036854775808,-9223372036854775808,26978,14.990192864405932,949184472,256,3,True
/lustre/isaac24/scratch/eopoku2/downey_cross_sucking_videos_2024/2 weeks post-grouping (not annotated)/Group 3 Week 2/Cam 8/N884A6_ch8_main_20240817100000_20240817103001.mp4,-9223372036854775808,-9223372036854775808,-9223372036854775808,27010,14.9908977888287,950390930,256,3,True
/lustre/isaac24/scratch/eopoku2/downey_cross_sucking_videos_2024/2 weeks post-grouping (not annotated)/Group 3 Week 2/Cam 8/N884A6_ch8_main_20240817103001_20240817110001.mp4,-9223372036854775808,-9223372036854775808,-9223372036854775808,26978,14.993025336645603,949209660,256,3,True
/lustre/isaac24/scratch/eopoku2/downey_cross_sucking_videos_2024/2 weeks post-grouping (not annotated)/Group 3 Week 2/Cam 8/N884A6_ch8_main_20240817110001_20240817113000.mp4,-9223372036854775808,-9223372036854775808,-9223372036854775808,26979,14.993581086713682,948807348,256,3,True
/lustre/isaac24/scratch/eopoku2/downey_cross_sucking_videos_2024/2 weeks post-grouping (not annotated)/Group 3 Week 2/Cam 8/N884A6_ch8_main_20240817113000_20240817120001.mp4,-9223372036854775808,-9223372036854775808,-9223372036854775808,27006,14.995086036013523,949997973,256,3,True
/lustre/isaac24/scratch/eopoku2/downey_cross_sucking_videos_2024/2 weeks post-grouping (not annotated)/Group 3 Week 2/Cam 8/N884A6_ch8_main_20240817120001_20240817123001.mp4,-9223372036854775808,-9223372036854775808,-9223372036854775808,26994,14.99400106647707,949352509,256,3,True
/lustre/isaac24/scratch/eopoku2/downey_cross_sucking_videos_2024/2 weeks post-grouping (not annotated)/Group 3 Week 2/Cam 8/N884A6_ch8_main_20240817123001_20240817130000.mp4,-9223372036854775808,-9223372036854775808,-9223372036854775808,26964,14.989909996052946,948617414,256,3,True
/lustre/isaac24/scratch/eopoku2/downey_cross_sucking_videos_2024/2 weeks post-grouping (not annotated)/Group 3 Week 2/Cam 8/N884A6_ch8_main_20240817130000_20240817133001.mp4,-9223372036854775808,-9223372036854775808,-9223372036854775808,27007,14.991312843114942,950336657,256,3,True
/lustre/isaac24/scratch/eopoku2/downey_cross_sucking_videos_2024/2 weeks post-grouping (not annotated)/Group 3 Week 2/Cam 8/N884A6_ch8_main_20240817133001_20240817140001.mp4,-9223372036854775808,-9223372036854775808,-9223372036854775808,26994,14.99400106647707,949257921,256,3,True
/lustre/isaac24/scratch/eopoku2/downey_cross_sucking_videos_2024/2 weeks post-grouping (not annotated)/Group 3 Week 2/Cam 8/N884A6_ch8_main_20240817140001_20240817143000.mp4,-9223372036854775808,-9223372036854775808,-9223372036854775808,26978,14.994358635178774,949157726,256,3,True
/lustre/isaac24/scratch/eopoku2/downey_cross_sucking_videos_2024/2 weeks post-grouping (not annotated)/Group 3 Week 2/Cam 8/N884A6_ch8_main_20240817143000_20240817150001.mp4,-9223372036854775808,-9223372036854775808,-9223372036854775808,26991,14.994000399973334,949206056,256,3,True
/lustre/isaac24/scratch/eopoku2/downey_cross_sucking_videos_2024/2 weeks post-grouping (not annotated)/Group 3 Week 2/Cam 8/N884A6_ch8_main_20240817150001_20240817153001.mp4,-9223372036854775808,-9223372036854775808,-9223372036854775808,26994,14.994250926239662,949327613,256,3,True
/lustre/isaac24/scratch/eopoku2/downey_cross_sucking_videos_2024/2 weeks post-grouping (not annotated)/Group 3 Week 2/Cam 8/N884A6_ch8_main_20240817153001_20240817160000.mp4,-9223372036854775808,-9223372036854775808,-9223372036854775808,26978,14.989942991765478,949140329,256,3,True
/lustre/isaac24/scratch/eopoku2/downey_cross_sucking_videos_2024/2 weeks post-grouping (not annotated)/Group 3 Week 2/Cam 8/N884A6_ch8_main_20240817160000_20240817163001.mp4,-9223372036854775808,-9223372036854775808,-9223372036854775808,27011,14.99186883571718,950101833,256,3,True
/lustre/isaac24/scratch/eopoku2/downey_cross_sucking_videos_2024/2 weeks post-grouping (not annotated)/Group 3 Week 2/Cam 8/N884A6_ch8_main_20240817163001_20240817170001.mp4,-9223372036854775808,-9223372036854775808,-9223372036854775808,26990,14.994694356017044,949197783,256,3,True
/lustre/isaac24/scratch/eopoku2/downey_cross_sucking_videos_2024/2 weeks post-grouping (not annotated)/Group 3 Week 2/Cam 8/N884A6_ch8_main_20240817170001_20240817173000.mp4,-9223372036854775808,-9223372036854775808,-9223372036854775808,26963,14.993855205280632,948208835,256,3,True
/lustre/isaac24/scratch/eopoku2/downey_cross_sucking_videos_2024/2 weeks post-grouping (not annotated)/Group 3 Week 2/Cam 8/N884A6_ch8_main_20240817173000_20240817180001.mp4,-9223372036854775808,-9223372036854775808,-9223372036854775808,27010,14.99372717078749,950182422,256,3,True
/lustre/isaac24/scratch/eopoku2/downey_cross_sucking_videos_2024/2 weeks post-grouping (not annotated)/Group 3 Week 2/Cam 8/N884A6_ch8_main_20240817180001_20240817183001.mp4,-9223372036854775808,-9223372036854775808,-9223372036854775808,26992,14.994639216492326,948968944,256,3,True
/lustre/isaac24/scratch/eopoku2/downey_cross_sucking_videos_2024/2 weeks post-grouping (not annotated)/Group 3 Week 2/Cam 8/N884A6_ch8_main_20240817183001_20240817190000.mp4,-9223372036854775808,-9223372036854775808,-9223372036854775808,26979,14.989415902259609,948990451,256,3,True
/lustre/isaac24/scratch/eopoku2/downey_cross_sucking_videos_2024/2 weeks post-grouping (not annotated)/Group 3 Week 2/Cam 8/N884A6_ch8_main_20240817190000_20240817193001.mp4,-9223372036854775808,-9223372036854775808,-9223372036854775808,26991,14.992251420572895,949406211,256,3,True
/lustre/isaac24/scratch/eopoku2/downey_cross_sucking_videos_2024/2 weeks post-grouping (not annotated)/Group 3 Week 2/Cam 8/N884A6_ch8_main_20240817193001_20240817200001.mp4,-9223372036854775808,-9223372036854775808,-9223372036854775808,26993,14.993945319009477,949547112,256,3,True
/lustre/isaac24/scratch/eopoku2/downey_cross_sucking_videos_2024/2 weeks post-grouping (not annotated)/Group 3 Week 2/Cam 8/N884A6_ch8_main_20240817200001_20240817203000.mp4,-9223372036854775808,-9223372036854775808,-9223372036854775808,26978,14.99335863904898,949322304,256,3,True
/lustre/isaac24/scratch/eopoku2/downey_cross_sucking_videos_2024/2 weeks post-grouping (not annotated)/Group 3 Week 2/Cam 8/N884A6_ch8_main_20240817203000_20240817210001.mp4,-9223372036854775808,-9223372036854775808,-9223372036854775808,27010,14.99297811280537,950478134,256,3,True
/lustre/isaac24/scratch/eopoku2/downey_cross_sucking_videos_2024/2 weeks post-grouping (not annotated)/Group 3 Week 2/Cam 8/N884A6_ch8_main_20240817210001_20240817213001.mp4,-9223372036854775808,-9223372036854775808,-9223372036854775808,26975,14.994858111676256,949212531,256,3,True
/lustre/isaac24/scratch/eopoku2/downey_cross_sucking_videos_2024/2 weeks post-grouping (not annotated)/Group 3 Week 2/Cam 8/N884A6_ch8_main_20240817213001_20240817220000.mp4,-9223372036854775808,-9223372036854775808,-9223372036854775808,26979,14.989915602202457,949304547,256,3,True
/lustre/isaac24/scratch/eopoku2/downey_cross_sucking_videos_2024/2 weeks post-grouping (not annotated)/Group 3 Week 2/Cam 8/N884A6_ch8_main_20240817220000_20240817223001.mp4,-9223372036854775808,-9223372036854775808,-9223372036854775808,27009,14.991424432319622,950360257,256,3,True
/lustre/isaac24/scratch/eopoku2/downey_cross_sucking_videos_2024/2 weeks post-grouping (not annotated)/Group 3 Week 2/Cam 8/N884A6_ch8_main_20240817223001_20240817230001.mp4,-9223372036854775808,-9223372036854775808,-9223372036854775808,26993,14.993445609669392,949451979,256,3,True
/lustre/isaac24/scratch/eopoku2/downey_cross_sucking_videos_2024/2 weeks post-grouping (not annotated)/Group 3 Week 2/Cam 8/N884A6_ch8_main_20240817230001_20240817233000.mp4,-9223372036854775808,-9223372036854775808,-9223372036854775808,26962,14.993716008052408,948207860,256,3,True
/lustre/isaac24/scratch/eopoku2/downey_cross_sucking_videos_2024/2 weeks post-grouping (not annotated)/Group 3 Week 2/Cam 8/N884A6_ch8_main_20240817233000_20240818000000.mp4,-9223372036854775808,-9223372036854775808,-9223372036854775808,26992,14.992890152861714,949481210,256,3,True
/lustre/isaac24/scratch/eopoku2/downey_cross_sucking_videos_2024/2 weeks post-grouping (not annotated)/Group 3 Week 2/Cam 8/N884A6_ch8_main_20240818000000_20240818003001.mp4,-9223372036854775808,-9223372036854775808,-9223372036854775808,27006,14.993587501457386,950299281,256,3,True
/lustre/isaac24/scratch/eopoku2/downey_cross_sucking_videos_2024/2 weeks post-grouping (not annotated)/Group 3 Week 2/Cam 8/N884A6_ch8_main_20240818003001_20240818010000.mp4,-9223372036854775808,-9223372036854775808,-9223372036854775808,26979,14.990248754007457,949248362,256,3,True
/lustre/isaac24/scratch/eopoku2/downey_cross_sucking_videos_2024/2 weeks post-grouping (not annotated)/Group 3 Week 2/Cam 8/N884A6_ch8_main_20240818010000_20240818013001.mp4,-9223372036854775808,-9223372036854775808,-9223372036854775808,26991,14.99125218695326,949281964,256,3,True
/lustre/isaac24/scratch/eopoku2/downey_cross_sucking_videos_2024/2 weeks post-grouping (not annotated)/Group 3 Week 2/Cam 8/N884A6_ch8_main_20240818013001_20240818020001.mp4,-9223372036854775808,-9223372036854775808,-9223372036854775808,26995,14.993806966191034,949276452,256,3,True
/lustre/isaac24/scratch/eopoku2/downey_cross_sucking_videos_2024/2 weeks post-grouping (not annotated)/Group 3 Week 2/Cam 8/N884A6_ch8_main_20240818020001_20240818023000.mp4,-9223372036854775808,-9223372036854775808,-9223372036854775808,26977,14.992969527207652,949115380,256,3,True
/lustre/isaac24/scratch/eopoku2/downey_cross_sucking_videos_2024/2 weeks post-grouping (not annotated)/Group 3 Week 2/Cam 8/N884A6_ch8_main_20240818023000_20240818030001.mp4,-9223372036854775808,-9223372036854775808,-9223372036854775808,27006,14.993670745519552,950344760,256,3,True
/lustre/isaac24/scratch/eopoku2/downey_cross_sucking_videos_2024/2 weeks post-grouping (not annotated)/Group 3 Week 2/Cam 8/N884A6_ch8_main_20240818030001_20240818033001.mp4,-9223372036854775808,-9223372036854775808,-9223372036854775808,26978,14.993941953914389,949302472,256,3,True
/lustre/isaac24/scratch/eopoku2/downey_cross_sucking_videos_2024/2 weeks post-grouping (not annotated)/Group 3 Week 2/Cam 8/N884A6_ch8_main_20240818033001_20240818040000.mp4,-9223372036854775808,-9223372036854775808,-9223372036854775808,26977,14.989054217737724,949144376,256,3,True
/lustre/isaac24/scratch/eopoku2/downey_cross_sucking_videos_2024/2 weeks post-grouping (not annotated)/Group 3 Week 2/Cam 8/N884A6_ch8_main_20240818040000_20240818043001.mp4,-9223372036854775808,-9223372036854775808,-9223372036854775808,27008,14.991535067025616,950312697,256,3,True
/lustre/isaac24/scratch/eopoku2/downey_cross_sucking_videos_2024/2 weeks post-grouping (not annotated)/Group 3 Week 2/Cam 8/N884A6_ch8_main_20240818043001_20240818050000.mp4,-9223372036854775808,-9223372036854775808,-9223372036854775808,26976,14.993247036199222,949240617,256,3,True
/lustre/isaac24/scratch/eopoku2/downey_cross_sucking_videos_2024/2 weeks post-grouping (not annotated)/Group 4 Week 2/Cam 10/N884A6_ch9_main_20241027040003_20241027043003.mp4,-9223372036854775808,-9223372036854775808,-9223372036854775808,26995,14.990310023711288,949506472,256,3,True
/lustre/isaac24/scratch/eopoku2/downey_cross_sucking_videos_2024/2 weeks post-grouping (not annotated)/Group 4 Week 2/Cam 10/N884A6_ch10_main_20240929043000_20240929050003.mp4,-9223372036854775808,-9223372036854775808,-9223372036854775808,27080,14.993964763075423,953263335,256,3,True
/lustre/isaac24/scratch/eopoku2/downey_cross_sucking_videos_2024/2 weeks post-grouping (not annotated)/Group 4 Week 2/Cam 10/N884A6_ch10_main_20240929050003_20240929053003.mp4,-9223372036854775808,-9223372036854775808,-9223372036854775808,26988,14.9930001555521,949930300,256,3,True
/lustre/isaac24/scratch/eopoku2/downey_cross_sucking_videos_2024/2 weeks post-grouping (not annotated)/Group 4 Week 2/Cam 10/N884A6_ch10_main_20240929053003_20240929060003.mp4,-9223372036854775808,-9223372036854775808,-9223372036854775808,26982,14.989250537473126,949817326,256,3,True
/lustre/isaac24/scratch/eopoku2/downey_cross_sucking_videos_2024/2 weeks post-grouping (not annotated)/Group 4 Week 2/Cam 10/N884A6_ch10_main_20240929060003_20240929063003.mp4,-9223372036854775808,-9223372036854775808,-9223372036854775808,26994,14.992335547508498,949518780,256,3,True
/lustre/isaac24/scratch/eopoku2/downey_cross_sucking_videos_2024/2 weeks post-grouping (not annotated)/Group 4 Week 2/Cam 10/N884A6_ch10_main_20240929063003_20240929070003.mp4,-9223372036854775808,-9223372036854775808,-9223372036854775808,26991,14.994000399973334,949399562,256,3,True
/lustre/isaac24/scratch/eopoku2/downey_cross_sucking_videos_2024/2 weeks post-grouping (not annotated)/Group 4 Week 2/Cam 10/N884A6_ch10_main_20240929070003_20240929073003.mp4,-9223372036854775808,-9223372036854775808,-9223372036854775808,26994,14.99316826073916,949324056,256,3,True
/lustre/isaac24/scratch/eopoku2/downey_cross_sucking_videos_2024/2 weeks post-grouping (not annotated)/Group 4 Week 2/Cam 10/N884A6_ch10_main_20240929073003_20240929080003.mp4,-9223372036854775808,-9223372036854775808,-9223372036854775808,26976,14.993997065231891,949256652,256,3,True
/lustre/isaac24/scratch/eopoku2/downey_cross_sucking_videos_2024/2 weeks post-grouping (not annotated)/Group 4 Week 2/Cam 10/N884A6_ch10_main_20240929080003_20240929083003.mp4,-9223372036854775808,-9223372036854775808,-9223372036854775808,26996,14.993862713624775,949280602,256,3,True
/lustre/isaac24/scratch/eopoku2/downey_cross_sucking_videos_2024/2 weeks post-grouping (not annotated)/Group 4 Week 2/Cam 10/N884A6_ch10_main_20240929083003_20240929090003.mp4,-9223372036854775808,-9223372036854775808,-9223372036854775808,26992,14.988477663325652,949420752,256,3,True
/lustre/isaac24/scratch/eopoku2/downey_cross_sucking_videos_2024/2 weeks post-grouping (not annotated)/Group 4 Week 2/Cam 10/N884A6_ch10_main_20240929090003_20240929093003.mp4,-9223372036854775808,-9223372036854775808,-9223372036854775808,26993,14.993445609669392,949285074,256,3,True
/lustre/isaac24/scratch/eopoku2/downey_cross_sucking_videos_2024/2 weeks post-grouping (not annotated)/Group 4 Week 2/Cam 10/N884A6_ch10_main_20240929093003_20240929100003.mp4,-9223372036854775808,-9223372036854775808,-9223372036854775808,26978,14.993941953914389,949255167,256,3,True
/lustre/isaac24/scratch/eopoku2/downey_cross_sucking_videos_2024/2 weeks post-grouping (not annotated)/Group 4 Week 2/Cam 10/N884A6_ch10_main_20240929100003_20240929103003.mp4,-9223372036854775808,-9223372036854775808,-9223372036854775808,26992,14.993722989412404,949372045,256,3,True
/lustre/isaac24/scratch/eopoku2/downey_cross_sucking_videos_2024/2 weeks post-grouping (not annotated)/Group 4 Week 2/Cam 10/N884A6_ch10_main_20240929103003_20240929110003.mp4,-9223372036854775808,-9223372036854775808,-9223372036854775808,26994,14.993501371932592,949363463,256,3,True
/lustre/isaac24/scratch/eopoku2/downey_cross_sucking_videos_2024/2 weeks post-grouping (not annotated)/Group 4 Week 2/Cam 10/N884A6_ch10_main_20240929110003_20240929113003.mp4,-9223372036854775808,-9223372036854775808,-9223372036854775808,26992,14.99330655957162,949541746,256,3,True
/lustre/isaac24/scratch/eopoku2/downey_cross_sucking_videos_2024/2 weeks post-grouping (not annotated)/Group 4 Week 2/Cam 10/N884A6_ch10_main_20240929113003_20240929120003.mp4,-9223372036854775808,-9223372036854775808,-9223372036854775808,26974,14.988469980273942,948817874,256,3,True
/lustre/isaac24/scratch/eopoku2/downey_cross_sucking_videos_2024/2 weeks post-grouping (not annotated)/Group 4 Week 2/Cam 10/N884A6_ch10_main_20240929120003_20240929123003.mp4,-9223372036854775808,-9223372036854775808,-9223372036854775808,26994,14.993001710692942,949762558,256,3,True
/lustre/isaac24/scratch/eopoku2/downey_cross_sucking_videos_2024/2 weeks post-grouping (not annotated)/Group 4 Week 2/Cam 10/N884A6_ch10_main_20240929123003_20240929130003.mp4,-9223372036854775808,-9223372036854775808,-9223372036854775808,26994,14.99400106647707,949417177,256,3,True
/lustre/isaac24/scratch/eopoku2/downey_cross_sucking_videos_2024/2 weeks post-grouping (not annotated)/Group 4 Week 2/Cam 10/N884A6_ch10_main_20240929130003_20240929133003.mp4,-9223372036854775808,-9223372036854775808,-9223372036854775808,26992,14.993722989412404,949065636,256,3,True
/lustre/isaac24/scratch/eopoku2/downey_cross_sucking_videos_2024/2 weeks post-grouping (not annotated)/Group 4 Week 2/Cam 10/N884A6_ch10_main_20240929133003_20240929140003.mp4,-9223372036854775808,-9223372036854775808,-9223372036854775808,26977,14.993719500672514,949340675,256,3,True
/lustre/isaac24/scratch/eopoku2/downey_cross_sucking_videos_2024/2 weeks post-grouping (not annotated)/Group 4 Week 2/Cam 10/N884A6_ch10_main_20240929140003_20240929143003.mp4,-9223372036854775808,-9223372036854775808,-9223372036854775808,26993,14.993778745528472,949379545,256,3,True
/lustre/isaac24/scratch/eopoku2/downey_cross_sucking_videos_2024/2 weeks post-grouping (not annotated)/Group 4 Week 2/Cam 10/N884A6_ch10_main_20240929143003_20240929150003.mp4,-9223372036854775808,-9223372036854775808,-9223372036854775808,26992,14.988560893805111,949364793,256,3,True
/lustre/isaac24/scratch/eopoku2/downey_cross_sucking_videos_2024/2 weeks post-grouping (not annotated)/Group 4 Week 2/Cam 10/N884A6_ch10_main_20240929150003_20240929153003.mp4,-9223372036854775808,-9223372036854775808,-9223372036854775808,26980,14.99205387804092,949215806,256,3,True
/lustre/isaac24/scratch/eopoku2/downey_cross_sucking_videos_2024/2 weeks post-grouping (not annotated)/Group 4 Week 2/Cam 10/N884A6_ch10_main_20240929153003_20240929160003.mp4,-9223372036854775808,-9223372036854775808,-9223372036854775808,26992,14.994139442385997,949377687,256,3,True
/lustre/isaac24/scratch/eopoku2/downey_cross_sucking_videos_2024/2 weeks post-grouping (not annotated)/Group 4 Week 2/Cam 10/N884A6_ch10_main_20240929160003_20240929163003.mp4,-9223372036854775808,-9223372036854775808,-9223372036854775808,26992,14.992890152861714,949104365,256,3,True
/lustre/isaac24/scratch/eopoku2/downey_cross_sucking_videos_2024/2 weeks post-grouping (not annotated)/Group 4 Week 2/Cam 10/N884A6_ch10_main_20240929163003_20240929170003.mp4,-9223372036854775808,-9223372036854775808,-9223372036854775808,26992,14.994139442385997,949303944,256,3,True
/lustre/isaac24/scratch/eopoku2/downey_cross_sucking_videos_2024/2 weeks post-grouping (not annotated)/Group 4 Week 2/Cam 10/N884A6_ch10_main_20240929170003_20240929173003.mp4,-9223372036854775808,-9223372036854775808,-9223372036854775808,26979,14.9931644641051,949233169,256,3,True
/lustre/isaac24/scratch/eopoku2/downey_cross_sucking_videos_2024/2 weeks post-grouping (not annotated)/Group 4 Week 2/Cam 10/N884A6_ch10_main_20240929173003_20240929180003.mp4,-9223372036854775808,-9223372036854775808,-9223372036854775808,26994,14.987840493931351,949353578,256,3,True
/lustre/isaac24/scratch/eopoku2/downey_cross_sucking_videos_2024/2 weeks post-grouping (not annotated)/Group 4 Week 2/Cam 10/N884A6_ch10_main_20240929180003_20240929183003.mp4,-9223372036854775808,-9223372036854775808,-9223372036854775808,26990,14.992445451717549,949372757,256,3,True
/lustre/isaac24/scratch/eopoku2/downey_cross_sucking_videos_2024/2 weeks post-grouping (not annotated)/Group 4 Week 2/Cam 10/N884A6_ch10_main_20240929183003_20240929190003.mp4,-9223372036854775808,-9223372036854775808,-9223372036854775808,26994,14.993584652043747,949472981,256,3,True
/lustre/isaac24/scratch/eopoku2/downey_cross_sucking_videos_2024/2 weeks post-grouping (not annotated)/Group 4 Week 2/Cam 10/N884A6_ch10_main_20240929190003_20240929193003.mp4,-9223372036854775808,-9223372036854775808,-9223372036854775808,26978,14.993858620440513,949357840,256,3,True
/lustre/isaac24/scratch/eopoku2/downey_cross_sucking_videos_2024/2 weeks post-grouping (not annotated)/Group 4 Week 2/Cam 10/N884A6_ch10_main_20240929193003_20240929200003.mp4,-9223372036854775808,-9223372036854775808,-9223372036854775808,26991,14.993167501749786,949436964,256,3,True
/lustre/isaac24/scratch/eopoku2/downey_cross_sucking_videos_2024/2 weeks post-grouping (not annotated)/Group 4 Week 2/Cam 10/N884A6_ch10_main_20240929200003_20240929203003.mp4,-9223372036854775808,-9223372036854775808,-9223372036854775808,26995,14.993723686695327,949529141,256,3,True
/lustre/isaac24/scratch/eopoku2/downey_cross_sucking_videos_2024/2 weeks post-grouping (not annotated)/Group 4 Week 2/Cam 10/N884A6_ch10_main_20240929203003_20240929210003.mp4,-9223372036854775808,-9223372036854775808,-9223372036854775808,26992,14.9888105907897,949448020,256,3,True
/lustre/isaac24/scratch/eopoku2/downey_cross_sucking_videos_2024/2 weeks post-grouping (not annotated)/Group 4 Week 2/Cam 10/N884A6_ch10_main_20240929210003_20240929213003.mp4,-9223372036854775808,-9223372036854775808,-9223372036854775808,26977,14.992469586577524,949293525,256,3,True
/lustre/isaac24/scratch/eopoku2/downey_cross_sucking_videos_2024/2 weeks post-grouping (not annotated)/Group 4 Week 2/Cam 10/N884A6_ch10_main_20240929213003_20240929220003.mp4,-9223372036854775808,-9223372036854775808,-9223372036854775808,26994,14.99316826073916,949470026,256,3,True
/lustre/isaac24/scratch/eopoku2/downey_cross_sucking_videos_2024/2 weeks post-grouping (not annotated)/Group 4 Week 2/Cam 10/N884A6_ch10_main_20240929220003_20240929223003.mp4,-9223372036854775808,-9223372036854775808,-9223372036854775808,26992,14.99330655957162,949502753,256,3,True
/lustre/isaac24/scratch/eopoku2/downey_cross_sucking_videos_2024/2 weeks post-grouping (not annotated)/Group 4 Week 2/Cam 10/N884A6_ch10_main_20240929223003_20240929230004.mp4,-9223372036854775808,-9223372036854775808,-9223372036854775808,27008,14.993782199324924,950317656,256,3,True
/lustre/isaac24/scratch/eopoku2/downey_cross_sucking_videos_2024/2 weeks post-grouping (not annotated)/Group 4 Week 2/Cam 10/N884A6_ch10_main_20240929230004_20240929233003.mp4,-9223372036854775808,-9223372036854775808,-9223372036854775808,26966,14.993855888616435,948377328,256,3,True
/lustre/isaac24/scratch/eopoku2/downey_cross_sucking_videos_2024/2 weeks post-grouping (not annotated)/Group 4 Week 2/Cam 10/N884A6_ch10_main_20240929233003_20240930000000.mp4,-9223372036854775808,-9223372036854775808,-9223372036854775808,26940,14.98856662790633,947561186,256,3,True
/lustre/isaac24/scratch/eopoku2/downey_cross_sucking_videos_2024/2 weeks post-grouping (not annotated)/Group 4 Week 2/Cam 10/N884A6_ch10_main_20240930000000_20240930003003.mp4,-9223372036854775808,-9223372036854775808,-9223372036854775808,27046,14.992405680772514,952078559,256,3,True
/lustre/isaac24/scratch/eopoku2/downey_cross_sucking_videos_2024/2 weeks post-grouping (not annotated)/Group 4 Week 2/Cam 10/N884A6_ch10_main_20240930003003_20240930010003.mp4,-9223372036854775808,-9223372036854775808,-9223372036854775808,26977,14.994136185018649,949315381,256,3,True
/lustre/isaac24/scratch/eopoku2/downey_cross_sucking_videos_2024/2 weeks post-grouping (not annotated)/Group 4 Week 2/Cam 10/N884A6_ch10_main_20240930010003_20240930013003.mp4,-9223372036854775808,-9223372036854775808,-9223372036854775808,26990,14.993444881452348,949383690,256,3,True
/lustre/isaac24/scratch/eopoku2/downey_cross_sucking_videos_2024/2 weeks post-grouping (not annotated)/Group 4 Week 2/Cam 10/N884A6_ch10_main_20240930013003_20240930020003.mp4,-9223372036854775808,-9223372036854775808,-9223372036854775808,26995,14.993723686695327,949512577,256,3,True
/lustre/isaac24/scratch/eopoku2/downey_cross_sucking_videos_2024/2 weeks post-grouping (not annotated)/Group 4 Week 2/Cam 10/N884A6_ch10_main_20240930020003_20240930023003.mp4,-9223372036854775808,-9223372036854775808,-9223372036854775808,26993,14.99386203180634,949534650,256,3,True
/lustre/isaac24/scratch/eopoku2/downey_cross_sucking_videos_2024/2 weeks post-grouping (not annotated)/Group 4 Week 2/Cam 10/N884A6_ch10_main_20240930023003_20240930030003.mp4,-9223372036854775808,-9223372036854775808,-9223372036854775808,26978,14.987777777777778,949315765,256,3,True
/lustre/isaac24/scratch/eopoku2/downey_cross_sucking_videos_2024/2 weeks post-grouping (not annotated)/Group 4 Week 2/Cam 10/N884A6_ch10_main_20240930030003_20240930033003.mp4,-9223372036854775808,-9223372036854775808,-9223372036854775808,26991,14.992834368369014,949424280,256,3,True
/lustre/isaac24/scratch/eopoku2/downey_cross_sucking_videos_2024/2 weeks post-grouping (not annotated)/Group 4 Week 2/Cam 10/N884A6_ch10_main_20240930033003_20240930040003.mp4,-9223372036854775808,-9223372036854775808,-9223372036854775808,26993,14.993778745528472,949374807,256,3,True
/lustre/isaac24/scratch/eopoku2/downey_cross_sucking_videos_2024/2 weeks post-grouping (not annotated)/Group 4 Week 2/Cam 10/N884A6_ch10_main_20240930040003_20240930043003.mp4,-9223372036854775808,-9223372036854775808,-9223372036854775808,26992,14.99330655957162,949523662,256,3,True
/lustre/isaac24/scratch/eopoku2/downey_cross_sucking_videos_2024/2 weeks post-grouping (not annotated)/Group 4 Week 2/Cam 10/N884A6_ch10_main_20240930043003_20240930050000.mp4,-9223372036854775808,-9223372036854775808,-9223372036854775808,26933,14.993347547499624,947304486,256,3,True
/lustre/isaac24/scratch/eopoku2/downey_cross_sucking_videos_2024/2 weeks post-grouping (not annotated)/Group 4 Week 2/Cam 3/N884A6_ch3_main_20240929043000_20240929050000.mp4,-9223372036854775808,-9223372036854775808,-9223372036854775808,27048,14.993680569413955,951523695,256,3,True
/lustre/isaac24/scratch/eopoku2/downey_cross_sucking_videos_2024/2 weeks post-grouping (not annotated)/Group 4 Week 2/Cam 3/N884A6_ch3_main_20240929050000_20240929053000.mp4,-9223372036854775808,-9223372036854775808,-9223372036854775808,26991,14.993667229579591,950634159,256,3,True
/lustre/isaac24/scratch/eopoku2/downey_cross_sucking_videos_2024/2 weeks post-grouping (not annotated)/Group 4 Week 2/Cam 3/N884A6_ch3_main_20240929053000_20240929060000.mp4,-9223372036854775808,-9223372036854775808,-9223372036854775808,26978,14.988943584501015,949331012,256,3,True
/lustre/isaac24/scratch/eopoku2/downey_cross_sucking_videos_2024/2 weeks post-grouping (not annotated)/Group 4 Week 2/Cam 3/N884A6_ch3_main_20240929060000_20240929063000.mp4,-9223372036854775808,-9223372036854775808,-9223372036854775808,26994,14.992085751575909,949440062,256,3,True
/lustre/isaac24/scratch/eopoku2/downey_cross_sucking_videos_2024/2 weeks post-grouping (not annotated)/Group 4 Week 2/Cam 3/N884A6_ch3_main_20240929063000_20240929070000.mp4,-9223372036854775808,-9223372036854775808,-9223372036854775808,26992,14.993722989412404,949438182,256,3,True
/lustre/isaac24/scratch/eopoku2/downey_cross_sucking_videos_2024/2 weeks post-grouping (not annotated)/Group 4 Week 2/Cam 3/N884A6_ch3_main_20240929070000_20240929073000.mp4,-9223372036854775808,-9223372036854775808,-9223372036854775808,26994,14.993584652043747,949369258,256,3,True
/lustre/isaac24/scratch/eopoku2/downey_cross_sucking_videos_2024/2 weeks post-grouping (not annotated)/Group 4 Week 2/Cam 3/N884A6_ch3_main_20240929073000_20240929080000.mp4,-9223372036854775808,-9223372036854775808,-9223372036854775808,26970,14.993162184098464,948522360,256,3,True
/lustre/isaac24/scratch/eopoku2/downey_cross_sucking_videos_2024/2 weeks post-grouping (not annotated)/Group 4 Week 2/Cam 3/N884A6_ch3_main_20240929080000_20240929083000.mp4,-9223372036854775808,-9223372036854775808,-9223372036854775808,26998,14.99339131207446,950092401,256,3,True
/lustre/isaac24/scratch/eopoku2/downey_cross_sucking_videos_2024/2 weeks post-grouping (not annotated)/Group 4 Week 2/Cam 3/N884A6_ch3_main_20240929083000_20240929090000.mp4,-9223372036854775808,-9223372036854775808,-9223372036854775808,26995,14.988728609343594,949378884,256,3,True
/lustre/isaac24/scratch/eopoku2/downey_cross_sucking_videos_2024/2 weeks post-grouping (not annotated)/Group 4 Week 2/Cam 3/N884A6_ch3_main_20240929090000_20240929093000.mp4,-9223372036854775808,-9223372036854775808,-9223372036854775808,26993,14.991946681477367,949332648,256,3,True
/lustre/isaac24/scratch/eopoku2/downey_cross_sucking_videos_2024/2 weeks post-grouping (not annotated)/Group 4 Week 2/Cam 3/N884A6_ch3_main_20240929093000_20240929100000.mp4,-9223372036854775808,-9223372036854775808,-9223372036854775808,26978,14.993441966965298,949222989,256,3,True
/lustre/isaac24/scratch/eopoku2/downey_cross_sucking_videos_2024/2 weeks post-grouping (not annotated)/Group 4 Week 2/Cam 3/N884A6_ch3_main_20240929100000_20240929103000.mp4,-9223372036854775808,-9223372036854775808,-9223372036854775808,26991,14.993583939294622,949315297,256,3,True
/lustre/isaac24/scratch/eopoku2/downey_cross_sucking_videos_2024/2 weeks post-grouping (not annotated)/Group 4 Week 2/Cam 3/N884A6_ch3_main_20240929103000_20240929110000.mp4,-9223372036854775808,-9223372036854775808,-9223372036854775808,26991,14.994000399973334,949354483,256,3,True
/lustre/isaac24/scratch/eopoku2/downey_cross_sucking_videos_2024/2 weeks post-grouping (not annotated)/Group 4 Week 2/Cam 3/N884A6_ch3_main_20240929110000_20240929113000.mp4,-9223372036854775808,-9223372036854775808,-9223372036854775808,26996,14.993862713624775,949563844,256,3,True
/lustre/isaac24/scratch/eopoku2/downey_cross_sucking_videos_2024/2 weeks post-grouping (not annotated)/Group 4 Week 2/Cam 3/N884A6_ch3_main_20240929113000_20240929120000.mp4,-9223372036854775808,-9223372036854775808,-9223372036854775808,26977,14.988221436984688,949066998,256,3,True
/lustre/isaac24/scratch/eopoku2/downey_cross_sucking_videos_2024/2 weeks post-grouping (not annotated)/Group 4 Week 2/Cam 3/N884A6_ch3_main_20240929120000_20240929123000.mp4,-9223372036854775808,-9223372036854775808,-9223372036854775808,26991,14.992584528048258,949437993,256,3,True
/lustre/isaac24/scratch/eopoku2/downey_cross_sucking_videos_2024/2 weeks post-grouping (not annotated)/Group 4 Week 2/Cam 3/N884A6_ch3_main_20240929123000_20240929130000.mp4,-9223372036854775808,-9223372036854775808,-9223372036854775808,26994,14.993584652043747,949293393,256,3,True
/lustre/isaac24/scratch/eopoku2/downey_cross_sucking_videos_2024/2 weeks post-grouping (not annotated)/Group 4 Week 2/Cam 3/N884A6_ch3_main_20240929130000_20240929133000.mp4,-9223372036854775808,-9223372036854775808,-9223372036854775808,26993,14.993445609669392,949474278,256,3,True
/lustre/isaac24/scratch/eopoku2/downey_cross_sucking_videos_2024/2 weeks post-grouping (not annotated)/Group 4 Week 2/Cam 3/N884A6_ch3_main_20240929133000_20240929140000.mp4,-9223372036854775808,-9223372036854775808,-9223372036854775808,26977,14.993719500672514,949251364,256,3,True
/lustre/isaac24/scratch/eopoku2/downey_cross_sucking_videos_2024/2 weeks post-grouping (not annotated)/Group 4 Week 2/Cam 3/N884A6_ch3_main_20240929140000_20240929143000.mp4,-9223372036854775808,-9223372036854775808,-9223372036854775808,26993,14.99386203180634,949320318,256,3,True
/lustre/isaac24/scratch/eopoku2/downey_cross_sucking_videos_2024/2 weeks post-grouping (not annotated)/Group 4 Week 2/Cam 3/N884A6_ch3_main_20240929143000_20240929150000.mp4,-9223372036854775808,-9223372036854775808,-9223372036854775808,26993,14.988283896187546,949459387,256,3,True
/lustre/isaac24/scratch/eopoku2/downey_cross_sucking_videos_2024/2 weeks post-grouping (not annotated)/Group 4 Week 2/Cam 3/N884A6_ch3_main_20240929150000_20240929153000.mp4,-9223372036854775808,-9223372036854775808,-9223372036854775808,26978,14.9926087294795,949229052,256,3,True
/lustre/isaac24/scratch/eopoku2/downey_cross_sucking_videos_2024/2 weeks post-grouping (not annotated)/Group 4 Week 2/Cam 3/N884A6_ch3_main_20240929153000_20240929160000.mp4,-9223372036854775808,-9223372036854775808,-9223372036854775808,26992,14.99322327637923,949377199,256,3,True
/lustre/isaac24/scratch/eopoku2/downey_cross_sucking_videos_2024/2 weeks post-grouping (not annotated)/Group 4 Week 2/Cam 3/N884A6_ch3_main_20240929160000_20240929163000.mp4,-9223372036854775808,-9223372036854775808,-9223372036854775808,26993,14.993445609669392,949314844,256,3,True
/lustre/isaac24/scratch/eopoku2/downey_cross_sucking_videos_2024/2 weeks post-grouping (not annotated)/Group 4 Week 2/Cam 3/N884A6_ch3_main_20240929163000_20240929170000.mp4,-9223372036854775808,-9223372036854775808,-9223372036854775808,26992,14.994139442385997,949421744,256,3,True
/lustre/isaac24/scratch/eopoku2/downey_cross_sucking_videos_2024/2 weeks post-grouping (not annotated)/Group 4 Week 2/Cam 3/N884A6_ch3_main_20240929170000_20240929173000.mp4,-9223372036854775808,-9223372036854775808,-9223372036854775808,26979,14.993997732476714,949296813,256,3,True
/lustre/isaac24/scratch/eopoku2/downey_cross_sucking_videos_2024/2 weeks post-grouping (not annotated)/Group 4 Week 2/Cam 3/N884A6_ch3_main_20240929173000_20240929180000.mp4,-9223372036854775808,-9223372036854775808,-9223372036854775808,26994,14.988755934367973,949336211,256,3,True
/lustre/isaac24/scratch/eopoku2/downey_cross_sucking_videos_2024/2 weeks post-grouping (not annotated)/Group 4 Week 2/Cam 3/N884A6_ch3_main_20240929180000_20240929183000.mp4,-9223372036854775808,-9223372036854775808,-9223372036854775808,26992,14.992390495339873,949496005,256,3,True
/lustre/isaac24/scratch/eopoku2/downey_cross_sucking_videos_2024/2 weeks post-grouping (not annotated)/Group 4 Week 2/Cam 3/N884A6_ch3_main_20240929183000_20240929190000.mp4,-9223372036854775808,-9223372036854775808,-9223372036854775808,26993,14.99386203180634,949343326,256,3,True
/lustre/isaac24/scratch/eopoku2/downey_cross_sucking_videos_2024/2 weeks post-grouping (not annotated)/Group 4 Week 2/Cam 3/N884A6_ch3_main_20240929190000_20240929193000.mp4,-9223372036854775808,-9223372036854775808,-9223372036854775808,26977,14.993302839484905,949508532,256,3,True
/lustre/isaac24/scratch/eopoku2/downey_cross_sucking_videos_2024/2 weeks post-grouping (not annotated)/Group 4 Week 2/Cam 3/N884A6_ch3_main_20240929193000_20240929200000.mp4,-9223372036854775808,-9223372036854775808,-9223372036854775808,26995,14.993723686695327,949495825,256,3,True
/lustre/isaac24/scratch/eopoku2/downey_cross_sucking_videos_2024/2 weeks post-grouping (not annotated)/Group 4 Week 2/Cam 3/N884A6_ch3_main_20240929200000_20240929203000.mp4,-9223372036854775808,-9223372036854775808,-9223372036854775808,26992,14.99330655957162,949404226,256,3,True
/lustre/isaac24/scratch/eopoku2/downey_cross_sucking_videos_2024/2 weeks post-grouping (not annotated)/Group 4 Week 2/Cam 3/N884A6_ch3_main_20240929203000_20240929210000.mp4,-9223372036854775808,-9223372036854775808,-9223372036854775808,26991,14.988754685547688,950154545,256,3,True
/lustre/isaac24/scratch/eopoku2/downey_cross_sucking_videos_2024/2 weeks post-grouping (not annotated)/Group 4 Week 2/Cam 3/N884A6_ch3_main_20240929210000_20240929213000.mp4,-9223372036854775808,-9223372036854775808,-9223372036854775808,26978,14.992108831440191,949276546,256,3,True
/lustre/isaac24/scratch/eopoku2/downey_cross_sucking_videos_2024/2 weeks post-grouping (not annotated)/Group 4 Week 2/Cam 3/N884A6_ch3_main_20240929213000_20240929220000.mp4,-9223372036854775808,-9223372036854775808,-9223372036854775808,26995,14.99414009342524,949502174,256,3,True
/lustre/isaac24/scratch/eopoku2/downey_cross_sucking_videos_2024/2 weeks post-grouping (not annotated)/Group 4 Week 2/Cam 3/N884A6_ch3_main_20240929220000_20240929223000.mp4,-9223372036854775808,-9223372036854775808,-9223372036854775808,26991,14.994000399973334,949463616,256,3,True
/lustre/isaac24/scratch/eopoku2/downey_cross_sucking_videos_2024/2 weeks post-grouping (not annotated)/Group 4 Week 2/Cam 3/N884A6_ch3_main_20240929223000_20240929230000.mp4,-9223372036854775808,-9223372036854775808,-9223372036854775808,26992,14.994139442385997,949498733,256,3,True
/lustre/isaac24/scratch/eopoku2/downey_cross_sucking_videos_2024/2 weeks post-grouping (not annotated)/Group 4 Week 2/Cam 3/N884A6_ch3_main_20240929230000_20240929233000.mp4,-9223372036854775808,-9223372036854775808,-9223372036854775808,26979,14.9931644641051,949257160,256,3,True
/lustre/isaac24/scratch/eopoku2/downey_cross_sucking_videos_2024/2 weeks post-grouping (not annotated)/Group 4 Week 2/Cam 3/N884A6_ch3_main_20240929233000_20240930000000.mp4,-9223372036854775808,-9223372036854775808,-9223372036854775808,26992,14.988394433770532,949496885,256,3,True
/lustre/isaac24/scratch/eopoku2/downey_cross_sucking_videos_2024/2 weeks post-grouping (not annotated)/Group 4 Week 2/Cam 3/N884A6_ch3_main_20240930000000_20240930003000.mp4,-9223372036854775808,-9223372036854775808,-9223372036854775808,26995,14.993557130479216,949473547,256,3,True
/lustre/isaac24/scratch/eopoku2/downey_cross_sucking_videos_2024/2 weeks post-grouping (not annotated)/Group 4 Week 2/Cam 3/N884A6_ch3_main_20240930003000_20240930010000.mp4,-9223372036854775808,-9223372036854775808,-9223372036854775808,26991,14.993583939294622,949503242,256,3,True
/lustre/isaac24/scratch/eopoku2/downey_cross_sucking_videos_2024/2 weeks post-grouping (not annotated)/Group 4 Week 2/Cam 3/N884A6_ch3_main_20240930010000_20240930013000.mp4,-9223372036854775808,-9223372036854775808,-9223372036854775808,26980,14.993220263631716,949299890,256,3,True
/lustre/isaac24/scratch/eopoku2/downey_cross_sucking_videos_2024/2 weeks post-grouping (not annotated)/Group 4 Week 2/Cam 3/N884A6_ch3_main_20240930013000_20240930020000.mp4,-9223372036854775808,-9223372036854775808,-9223372036854775808,26993,14.993445609669392,949491278,256,3,True
/lustre/isaac24/scratch/eopoku2/downey_cross_sucking_videos_2024/2 weeks post-grouping (not annotated)/Group 4 Week 2/Cam 3/N884A6_ch3_main_20240930020000_20240930023000.mp4,-9223372036854775808,-9223372036854775808,-9223372036854775808,26992,14.992890152861714,949490481,256,3,True
/lustre/isaac24/scratch/eopoku2/downey_cross_sucking_videos_2024/2 weeks post-grouping (not annotated)/Group 4 Week 2/Cam 3/N884A6_ch3_main_20240930023000_20240930030000.mp4,-9223372036854775808,-9223372036854775808,-9223372036854775808,26978,14.988027578237416,949946294,256,3,True
/lustre/isaac24/scratch/eopoku2/downey_cross_sucking_videos_2024/2 weeks post-grouping (not annotated)/Group 4 Week 2/Cam 3/N884A6_ch3_main_20240930030000_20240930033000.mp4,-9223372036854775808,-9223372036854775808,-9223372036854775808,26993,14.99252956238232,949428799,256,3,True
/lustre/isaac24/scratch/eopoku2/downey_cross_sucking_videos_2024/2 weeks post-grouping (not annotated)/Group 4 Week 2/Cam 3/N884A6_ch3_main_20240930033000_20240930040000.mp4,-9223372036854775808,-9223372036854775808,-9223372036854775808,26992,14.993722989412404,949472655,256,3,True
/lustre/isaac24/scratch/eopoku2/downey_cross_sucking_videos_2024/2 weeks post-grouping (not annotated)/Group 4 Week 2/Cam 3/N884A6_ch3_main_20240930040000_20240930043000.mp4,-9223372036854775808,-9223372036854775808,-9223372036854775808,26995,14.99414009342524,949483512,256,3,True
/lustre/isaac24/scratch/eopoku2/downey_cross_sucking_videos_2024/2 weeks post-grouping (not annotated)/Group 4 Week 2/Cam 3/N884A6_ch3_main_20240930043000_20240930050000.mp4,-9223372036854775808,-9223372036854775808,-9223372036854775808,26976,14.993997065231891,949332419,256,3,True
/lustre/isaac24/scratch/eopoku2/downey_cross_sucking_videos_2024/2 weeks post-grouping (not annotated)/Group 4 Week 2/Cam 5/N884A6_ch5_main_20240929043000_20240929050001.mp4,-9223372036854775808,-9223372036854775808,-9223372036854775808,27060,14.99326798942825,952177124,256,3,True
/lustre/isaac24/scratch/eopoku2/downey_cross_sucking_videos_2024/2 weeks post-grouping (not annotated)/Group 4 Week 2/Cam 5/N884A6_ch5_main_20240929050001_20240929053001.mp4,-9223372036854775808,-9223372036854775808,-9223372036854775808,26994,14.993584652043747,950356244,256,3,True
/lustre/isaac24/scratch/eopoku2/downey_cross_sucking_videos_2024/2 weeks post-grouping (not annotated)/Group 4 Week 2/Cam 5/N884A6_ch5_main_20240929053001_20240929060001.mp4,-9223372036854775808,-9223372036854775808,-9223372036854775808,26979,14.987583954135626,949015146,256,3,True
/lustre/isaac24/scratch/eopoku2/downey_cross_sucking_videos_2024/2 weeks post-grouping (not annotated)/Group 4 Week 2/Cam 5/N884A6_ch5_main_20240929060001_20240929063001.mp4,-9223372036854775808,-9223372036854775808,-9223372036854775808,26990,14.99277858015776,949106154,256,3,True
/lustre/isaac24/scratch/eopoku2/downey_cross_sucking_videos_2024/2 weeks post-grouping (not annotated)/Group 4 Week 2/Cam 5/N884A6_ch5_main_20240929063001_20240929070001.mp4,-9223372036854775808,-9223372036854775808,-9223372036854775808,26995,14.993806966191034,949326479,256,3,True
/lustre/isaac24/scratch/eopoku2/downey_cross_sucking_videos_2024/2 weeks post-grouping (not annotated)/Group 4 Week 2/Cam 5/N884A6_ch5_main_20240929070001_20240929073001.mp4,-9223372036854775808,-9223372036854775808,-9223372036854775808,26991,14.994083694885312,949171136,256,3,True
/lustre/isaac24/scratch/eopoku2/downey_cross_sucking_videos_2024/2 weeks post-grouping (not annotated)/Group 4 Week 2/Cam 5/N884A6_ch5_main_20240929073001_20240929080001.mp4,-9223372036854775808,-9223372036854775808,-9223372036854775808,26979,14.994081064408023,949309026,256,3,True
/lustre/isaac24/scratch/eopoku2/downey_cross_sucking_videos_2024/2 weeks post-grouping (not annotated)/Group 4 Week 2/Cam 5/N884A6_ch5_main_20240929080001_20240929083001.mp4,-9223372036854775808,-9223372036854775808,-9223372036854775808,26993,14.994028607137896,949294204,256,3,True
/lustre/isaac24/scratch/eopoku2/downey_cross_sucking_videos_2024/2 weeks post-grouping (not annotated)/Group 4 Week 2/Cam 5/N884A6_ch5_main_20240929083001_20240929090001.mp4,-9223372036854775808,-9223372036854775808,-9223372036854775808,26995,14.988229284651432,949410931,256,3,True
/lustre/isaac24/scratch/eopoku2/downey_cross_sucking_videos_2024/2 weeks post-grouping (not annotated)/Group 4 Week 2/Cam 5/N884A6_ch5_main_20240929090001_20240929093001.mp4,-9223372036854775808,-9223372036854775808,-9223372036854775808,26990,14.993195011526817,949256587,256,3,True
/lustre/isaac24/scratch/eopoku2/downey_cross_sucking_videos_2024/2 weeks post-grouping (not annotated)/Group 4 Week 2/Cam 5/N884A6_ch5_main_20240929093001_20240929100001.mp4,-9223372036854775808,-9223372036854775808,-9223372036854775808,26977,14.993802835688998,949277126,256,3,True
/lustre/isaac24/scratch/eopoku2/downey_cross_sucking_videos_2024/2 weeks post-grouping (not annotated)/Group 4 Week 2/Cam 5/N884A6_ch5_main_20240929100001_20240929103001.mp4,-9223372036854775808,-9223372036854775808,-9223372036854775808,26995,14.993723686695327,949348647,256,3,True
/lustre/isaac24/scratch/eopoku2/downey_cross_sucking_videos_2024/2 weeks post-grouping (not annotated)/Group 4 Week 2/Cam 5/N884A6_ch5_main_20240929103001_20240929110001.mp4,-9223372036854775808,-9223372036854775808,-9223372036854775808,26991,14.993167501749786,949363430,256,3,True
/lustre/isaac24/scratch/eopoku2/downey_cross_sucking_videos_2024/2 weeks post-grouping (not annotated)/Group 4 Week 2/Cam 5/N884A6_ch5_main_20240929110001_20240929113001.mp4,-9223372036854775808,-9223372036854775808,-9223372036854775808,26992,14.99330655957162,949505598,256,3,True
/lustre/isaac24/scratch/eopoku2/downey_cross_sucking_videos_2024/2 weeks post-grouping (not annotated)/Group 4 Week 2/Cam 5/N884A6_ch5_main_20240929113001_20240929120001.mp4,-9223372036854775808,-9223372036854775808,-9223372036854775808,26976,14.98799893323851,948986049,256,3,True
/lustre/isaac24/scratch/eopoku2/downey_cross_sucking_videos_2024/2 weeks post-grouping (not annotated)/Group 4 Week 2/Cam 5/N884A6_ch5_main_20240929120001_20240929123001.mp4,-9223372036854775808,-9223372036854775808,-9223372036854775808,26996,14.99211409023258,949979600,256,3,True
/lustre/isaac24/scratch/eopoku2/downey_cross_sucking_videos_2024/2 weeks post-grouping (not annotated)/Group 4 Week 2/Cam 5/N884A6_ch5_main_20240929123001_20240929130001.mp4,-9223372036854775808,-9223372036854775808,-9223372036854775808,26993,14.993112488613388,949344022,256,3,True
/lustre/isaac24/scratch/eopoku2/downey_cross_sucking_videos_2024/2 weeks post-grouping (not annotated)/Group 4 Week 2/Cam 5/N884A6_ch5_main_20240929130001_20240929133001.mp4,-9223372036854775808,-9223372036854775808,-9223372036854775808,26993,14.993528892246337,949292784,256,3,True
/lustre/isaac24/scratch/eopoku2/downey_cross_sucking_videos_2024/2 weeks post-grouping (not annotated)/Group 4 Week 2/Cam 5/N884A6_ch5_main_20240929133001_20240929140001.mp4,-9223372036854775808,-9223372036854775808,-9223372036854775808,26978,14.993441966965298,949284388,256,3,True
/lustre/isaac24/scratch/eopoku2/downey_cross_sucking_videos_2024/2 weeks post-grouping (not annotated)/Group 4 Week 2/Cam 5/N884A6_ch5_main_20240929140001_20240929143001.mp4,-9223372036854775808,-9223372036854775808,-9223372036854775808,26992,14.993722989412404,949482720,256,3,True
/lustre/isaac24/scratch/eopoku2/downey_cross_sucking_videos_2024/2 weeks post-grouping (not annotated)/Group 4 Week 2/Cam 5/N884A6_ch5_main_20240929143001_20240929150001.mp4,-9223372036854775808,-9223372036854775808,-9223372036854775808,26992,14.9888105907897,949388182,256,3,True
/lustre/isaac24/scratch/eopoku2/downey_cross_sucking_videos_2024/2 weeks post-grouping (not annotated)/Group 4 Week 2/Cam 5/N884A6_ch5_main_20240929150001_20240929153001.mp4,-9223372036854775808,-9223372036854775808,-9223372036854775808,26975,14.992524579959206,949109482,256,3,True
/lustre/isaac24/scratch/eopoku2/downey_cross_sucking_videos_2024/2 weeks post-grouping (not annotated)/Group 4 Week 2/Cam 5/N884A6_ch5_main_20240929153001_20240929160001.mp4,-9223372036854775808,-9223372036854775808,-9223372036854775808,26996,14.993862713624775,949357307,256,3,True
/lustre/isaac24/scratch/eopoku2/downey_cross_sucking_videos_2024/2 weeks post-grouping (not annotated)/Group 4 Week 2/Cam 5/N884A6_ch5_main_20240929160001_20240929163001.mp4,-9223372036854775808,-9223372036854775808,-9223372036854775808,26990,14.9935281732783,949357380,256,3,True
/lustre/isaac24/scratch/eopoku2/downey_cross_sucking_videos_2024/2 weeks post-grouping (not annotated)/Group 4 Week 2/Cam 5/N884A6_ch5_main_20240929163001_20240929170001.mp4,-9223372036854775808,-9223372036854775808,-9223372036854775808,26994,14.994084352139351,949344971,256,3,True
/lustre/isaac24/scratch/eopoku2/downey_cross_sucking_videos_2024/2 weeks post-grouping (not annotated)/Group 4 Week 2/Cam 5/N884A6_ch5_main_20240929170001_20240929173001.mp4,-9223372036854775808,-9223372036854775808,-9223372036854775808,26979,14.993247786774551,949344471,256,3,True
/lustre/isaac24/scratch/eopoku2/downey_cross_sucking_videos_2024/2 weeks post-grouping (not annotated)/Group 4 Week 2/Cam 5/N884A6_ch5_main_20240929173001_20240929180001.mp4,-9223372036854775808,-9223372036854775808,-9223372036854775808,26991,14.987423025026237,949210684,256,3,True
/lustre/isaac24/scratch/eopoku2/downey_cross_sucking_videos_2024/2 weeks post-grouping (not annotated)/Group 4 Week 2/Cam 5/N884A6_ch5_main_20240929180001_20240929183001.mp4,-9223372036854775808,-9223372036854775808,-9223372036854775808,26992,14.992806874295267,949582366,256,3,True
/lustre/isaac24/scratch/eopoku2/downey_cross_sucking_videos_2024/2 weeks post-grouping (not annotated)/Group 4 Week 2/Cam 5/N884A6_ch5_main_20240929183001_20240929190001.mp4,-9223372036854775808,-9223372036854775808,-9223372036854775808,26993,14.993445609669392,949304121,256,3,True
/lustre/isaac24/scratch/eopoku2/downey_cross_sucking_videos_2024/2 weeks post-grouping (not annotated)/Group 4 Week 2/Cam 5/N884A6_ch5_main_20240929190001_20240929193001.mp4,-9223372036854775808,-9223372036854775808,-9223372036854775808,26980,14.993886851172611,949414909,256,3,True
/lustre/isaac24/scratch/eopoku2/downey_cross_sucking_videos_2024/2 weeks post-grouping (not annotated)/Group 4 Week 2/Cam 5/N884A6_ch5_main_20240929193001_20240929200001.mp4,-9223372036854775808,-9223372036854775808,-9223372036854775808,26991,14.993667229579591,949499780,256,3,True
/lustre/isaac24/scratch/eopoku2/downey_cross_sucking_videos_2024/2 weeks post-grouping (not annotated)/Group 4 Week 2/Cam 5/N884A6_ch5_main_20240929200001_20240929203001.mp4,-9223372036854775808,-9223372036854775808,-9223372036854775808,26995,14.993806966191034,949473803,256,3,True
/lustre/isaac24/scratch/eopoku2/downey_cross_sucking_videos_2024/2 weeks post-grouping (not annotated)/Group 4 Week 2/Cam 5/N884A6_ch5_main_20240929203001_20240929210001.mp4,-9223372036854775808,-9223372036854775808,-9223372036854775808,26991,14.988588215041345,949481405,256,3,True
/lustre/isaac24/scratch/eopoku2/downey_cross_sucking_videos_2024/2 weeks post-grouping (not annotated)/Group 4 Week 2/Cam 5/N884A6_ch5_main_20240929210001_20240929213001.mp4,-9223372036854775808,-9223372036854775808,-9223372036854775808,26978,14.992692049060526,949297235,256,3,True
/lustre/isaac24/scratch/eopoku2/downey_cross_sucking_videos_2024/2 weeks post-grouping (not annotated)/Group 4 Week 2/Cam 5/N884A6_ch5_main_20240929213001_20240929220001.mp4,-9223372036854775808,-9223372036854775808,-9223372036854775808,26991,14.993167501749786,949438219,256,3,True
/lustre/isaac24/scratch/eopoku2/downey_cross_sucking_videos_2024/2 weeks post-grouping (not annotated)/Group 4 Week 2/Cam 5/N884A6_ch5_main_20240929220001_20240929223001.mp4,-9223372036854775808,-9223372036854775808,-9223372036854775808,26994,14.992751892561389,949497440,256,3,True
/lustre/isaac24/scratch/eopoku2/downey_cross_sucking_videos_2024/2 weeks post-grouping (not annotated)/Group 4 Week 2/Cam 5/N884A6_ch5_main_20240929223001_20240929230002.mp4,-9223372036854775808,-9223372036854775808,-9223372036854775808,26992,14.993722989412404,949415368,256,3,True
/lustre/isaac24/scratch/eopoku2/downey_cross_sucking_videos_2024/2 weeks post-grouping (not annotated)/Group 4 Week 2/Cam 5/N884A6_ch5_main_20240929230002_20240929233001.mp4,-9223372036854775808,-9223372036854775808,-9223372036854775808,26978,14.993441966965298,949252557,256,3,True
/lustre/isaac24/scratch/eopoku2/downey_cross_sucking_videos_2024/2 weeks post-grouping (not annotated)/Group 4 Week 2/Cam 5/N884A6_ch5_main_20240929233001_20240930000000.mp4,-9223372036854775808,-9223372036854775808,-9223372036854775808,26970,14.988829237387042,948487631,256,3,True
/lustre/isaac24/scratch/eopoku2/downey_cross_sucking_videos_2024/2 weeks post-grouping (not annotated)/Group 4 Week 2/Cam 5/N884A6_ch5_main_20240930000000_20240930003001.mp4,-9223372036854775808,-9223372036854775808,-9223372036854775808,27016,14.992979671570724,951123039,256,3,True
/lustre/isaac24/scratch/eopoku2/downey_cross_sucking_videos_2024/2 weeks post-grouping (not annotated)/Group 4 Week 2/Cam 5/N884A6_ch5_main_20240930003001_20240930010001.mp4,-9223372036854775808,-9223372036854775808,-9223372036854775808,26992,14.993389843689243,949465179,256,3,True
/lustre/isaac24/scratch/eopoku2/downey_cross_sucking_videos_2024/2 weeks post-grouping (not annotated)/Group 4 Week 2/Cam 5/N884A6_ch5_main_20240930010001_20240930013001.mp4,-9223372036854775808,-9223372036854775808,-9223372036854775808,26976,14.993247036199222,949316862,256,3,True
/lustre/isaac24/scratch/eopoku2/downey_cross_sucking_videos_2024/2 weeks post-grouping (not annotated)/Group 4 Week 2/Cam 5/N884A6_ch5_main_20240930013001_20240930020001.mp4,-9223372036854775808,-9223372036854775808,-9223372036854775808,26992,14.993389843689243,949441128,256,3,True
/lustre/isaac24/scratch/eopoku2/downey_cross_sucking_videos_2024/2 weeks post-grouping (not annotated)/Group 4 Week 2/Cam 5/N884A6_ch5_main_20240930020001_20240930023001.mp4,-9223372036854775808,-9223372036854775808,-9223372036854775808,26992,14.992973432353317,949400194,256,3,True
/lustre/isaac24/scratch/eopoku2/downey_cross_sucking_videos_2024/2 weeks post-grouping (not annotated)/Group 4 Week 2/Cam 5/N884A6_ch5_main_20240930023001_20240930030001.mp4,-9223372036854775808,-9223372036854775808,-9223372036854775808,26979,14.989249343015407,949313754,256,3,True
/lustre/isaac24/scratch/eopoku2/downey_cross_sucking_videos_2024/2 weeks post-grouping (not annotated)/Group 4 Week 2/Cam 5/N884A6_ch5_main_20240930030001_20240930033001.mp4,-9223372036854775808,-9223372036854775808,-9223372036854775808,26994,14.991919225578568,949517378,256,3,True
/lustre/isaac24/scratch/eopoku2/downey_cross_sucking_videos_2024/2 weeks post-grouping (not annotated)/Group 4 Week 2/Cam 5/N884A6_ch5_main_20240930033001_20240930040001.mp4,-9223372036854775808,-9223372036854775808,-9223372036854775808,26992,14.993722989412404,949400470,256,3,True
/lustre/isaac24/scratch/eopoku2/downey_cross_sucking_videos_2024/2 weeks post-grouping (not annotated)/Group 4 Week 2/Cam 5/N884A6_ch5_main_20240930040001_20240930043001.mp4,-9223372036854775808,-9223372036854775808,-9223372036854775808,26992,14.993806278156438,950795360,256,3,True
/lustre/isaac24/scratch/eopoku2/downey_cross_sucking_videos_2024/2 weeks post-grouping (not annotated)/Group 4 Week 2/Cam 5/N884A6_ch5_main_20240930043001_20240930050000.mp4,-9223372036854775808,-9223372036854775808,-9223372036854775808,26962,14.993382491964455,948425034,256,3,True
/lustre/isaac24/scratch/eopoku2/downey_cross_sucking_videos_2024/2 weeks post-grouping (not annotated)/Group 4 Week 2/Cam 8/N884A6_ch8_main_20240929043000_20240929050002.mp4,-9223372036854775808,-9223372036854775808,-9223372036854775808,27076,14.9929952212458,952548596,256,3,True
/lustre/isaac24/scratch/eopoku2/downey_cross_sucking_videos_2024/2 weeks post-grouping (not annotated)/Group 4 Week 2/Cam 8/N884A6_ch8_main_20240929050002_20240929053002.mp4,-9223372036854775808,-9223372036854775808,-9223372036854775808,26994,14.993584652043747,949492486,256,3,True
/lustre/isaac24/scratch/eopoku2/downey_cross_sucking_videos_2024/2 weeks post-grouping (not annotated)/Group 4 Week 2/Cam 8/N884A6_ch8_main_20240929053002_20240929060002.mp4,-9223372036854775808,-9223372036854775808,-9223372036854775808,26976,14.989331436699858,949203987,256,3,True
/lustre/isaac24/scratch/eopoku2/downey_cross_sucking_videos_2024/2 weeks post-grouping (not annotated)/Group 4 Week 2/Cam 8/N884A6_ch8_main_20240929060002_20240929063002.mp4,-9223372036854775808,-9223372036854775808,-9223372036854775808,26992,14.992140679067546,949359780,256,3,True
/lustre/isaac24/scratch/eopoku2/downey_cross_sucking_videos_2024/2 weeks post-grouping (not annotated)/Group 4 Week 2/Cam 8/N884A6_ch8_main_20240929063002_20240929070002.mp4,-9223372036854775808,-9223372036854775808,-9223372036854775808,26995,14.99339057796341,949519482,256,3,True
/lustre/isaac24/scratch/eopoku2/downey_cross_sucking_videos_2024/2 weeks post-grouping (not annotated)/Group 4 Week 2/Cam 8/N884A6_ch8_main_20240929070002_20240929073002.mp4,-9223372036854775808,-9223372036854775808,-9223372036854775808,26991,14.993250787408137,949241030,256,3,True
/lustre/isaac24/scratch/eopoku2/downey_cross_sucking_videos_2024/2 weeks post-grouping (not annotated)/Group 4 Week 2/Cam 8/N884A6_ch8_main_20240929073002_20240929080002.mp4,-9223372036854775808,-9223372036854775808,-9223372036854775808,26979,14.993247786774551,949301405,256,3,True
/lustre/isaac24/scratch/eopoku2/downey_cross_sucking_videos_2024/2 weeks post-grouping (not annotated)/Group 4 Week 2/Cam 8/N884A6_ch8_main_20240929080002_20240929083002.mp4,-9223372036854775808,-9223372036854775808,-9223372036854775808,26992,14.993806278156438,949254455,256,3,True
/lustre/isaac24/scratch/eopoku2/downey_cross_sucking_videos_2024/2 weeks post-grouping (not annotated)/Group 4 Week 2/Cam 8/N884A6_ch8_main_20240929083002_20240929090002.mp4,-9223372036854775808,-9223372036854775808,-9223372036854775808,26993,14.988283896187546,949350440,256,3,True
/lustre/isaac24/scratch/eopoku2/downey_cross_sucking_videos_2024/2 weeks post-grouping (not annotated)/Group 4 Week 2/Cam 8/N884A6_ch8_main_20240929090002_20240929093002.mp4,-9223372036854775808,-9223372036854775808,-9223372036854775808,26992,14.993556414700262,949412751,256,3,True
/lustre/isaac24/scratch/eopoku2/downey_cross_sucking_videos_2024/2 weeks post-grouping (not annotated)/Group 4 Week 2/Cam 8/N884A6_ch8_main_20240929093002_20240929100002.mp4,-9223372036854775808,-9223372036854775808,-9223372036854775808,26979,14.994081064408023,949243281,256,3,True
/lustre/isaac24/scratch/eopoku2/downey_cross_sucking_videos_2024/2 weeks post-grouping (not annotated)/Group 4 Week 2/Cam 8/N884A6_ch8_main_20240929100002_20240929103002.mp4,-9223372036854775808,-9223372036854775808,-9223372036854775808,26992,14.993806278156438,949452691,256,3,True
/lustre/isaac24/scratch/eopoku2/downey_cross_sucking_videos_2024/2 weeks post-grouping (not annotated)/Group 4 Week 2/Cam 8/N884A6_ch8_main_20240929103002_20240929110002.mp4,-9223372036854775808,-9223372036854775808,-9223372036854775808,26993,14.993528892246337,949441978,256,3,True
/lustre/isaac24/scratch/eopoku2/downey_cross_sucking_videos_2024/2 weeks post-grouping (not annotated)/Group 4 Week 2/Cam 8/N884A6_ch8_main_20240929110002_20240929113002.mp4,-9223372036854775808,-9223372036854775808,-9223372036854775808,26993,14.99386203180634,949506521,256,3,True
/lustre/isaac24/scratch/eopoku2/downey_cross_sucking_videos_2024/2 weeks post-grouping (not annotated)/Group 4 Week 2/Cam 8/N884A6_ch8_main_20240929113002_20240929120002.mp4,-9223372036854775808,-9223372036854775808,-9223372036854775808,26977,14.988804373795013,949280810,256,3,True
/lustre/isaac24/scratch/eopoku2/downey_cross_sucking_videos_2024/2 weeks post-grouping (not annotated)/Group 4 Week 2/Cam 8/N884A6_ch8_main_20240929120002_20240929123002.mp4,-9223372036854775808,-9223372036854775808,-9223372036854775808,26995,14.992807673296197,949360197,256,3,True
/lustre/isaac24/scratch/eopoku2/downey_cross_sucking_videos_2024/2 weeks post-grouping (not annotated)/Group 4 Week 2/Cam 8/N884A6_ch8_main_20240929123002_20240929130002.mp4,-9223372036854775808,-9223372036854775808,-9223372036854775808,26993,14.99386203180634,949516249,256,3,True
/lustre/isaac24/scratch/eopoku2/downey_cross_sucking_videos_2024/2 weeks post-grouping (not annotated)/Group 4 Week 2/Cam 8/N884A6_ch8_main_20240929130002_20240929133002.mp4,-9223372036854775808,-9223372036854775808,-9223372036854775808,26991,14.993167501749786,949444684,256,3,True
/lustre/isaac24/scratch/eopoku2/downey_cross_sucking_videos_2024/2 weeks post-grouping (not annotated)/Group 4 Week 2/Cam 8/N884A6_ch8_main_20240929133002_20240929140002.mp4,-9223372036854775808,-9223372036854775808,-9223372036854775808,26977,14.992886201453883,949341722,256,3,True
/lustre/isaac24/scratch/eopoku2/downey_cross_sucking_videos_2024/2 weeks post-grouping (not annotated)/Group 4 Week 2/Cam 8/N884A6_ch8_main_20240929140002_20240929143002.mp4,-9223372036854775808,-9223372036854775808,-9223372036854775808,26993,14.993945319009477,949421800,256,3,True
/lustre/isaac24/scratch/eopoku2/downey_cross_sucking_videos_2024/2 weeks post-grouping (not annotated)/Group 4 Week 2/Cam 8/N884A6_ch8_main_20240929143002_20240929150002.mp4,-9223372036854775808,-9223372036854775808,-9223372036854775808,26997,14.98925650578261,949548863,256,3,True
/lustre/isaac24/scratch/eopoku2/downey_cross_sucking_videos_2024/2 weeks post-grouping (not annotated)/Group 4 Week 2/Cam 8/N884A6_ch8_main_20240929150002_20240929153002.mp4,-9223372036854775808,-9223372036854775808,-9223372036854775808,26976,14.991497260228297,949296522,256,3,True
/lustre/isaac24/scratch/eopoku2/downey_cross_sucking_videos_2024/2 weeks post-grouping (not annotated)/Group 4 Week 2/Cam 8/N884A6_ch8_main_20240929153002_20240929160002.mp4,-9223372036854775808,-9223372036854775808,-9223372036854775808,26991,14.993583939294622,949428325,256,3,True
/lustre/isaac24/scratch/eopoku2/downey_cross_sucking_videos_2024/2 weeks post-grouping (not annotated)/Group 4 Week 2/Cam 8/N884A6_ch8_main_20240929160002_20240929163002.mp4,-9223372036854775808,-9223372036854775808,-9223372036854775808,26994,14.993584652043747,949518593,256,3,True
/lustre/isaac24/scratch/eopoku2/downey_cross_sucking_videos_2024/2 weeks post-grouping (not annotated)/Group 4 Week 2/Cam 8/N884A6_ch8_main_20240929163002_20240929170002.mp4,-9223372036854775808,-9223372036854775808,-9223372036854775808,26995,14.993723686695327,949470197,256,3,True
/lustre/isaac24/scratch/eopoku2/downey_cross_sucking_videos_2024/2 weeks post-grouping (not annotated)/Group 4 Week 2/Cam 8/N884A6_ch8_main_20240929170002_20240929173002.mp4,-9223372036854775808,-9223372036854775808,-9223372036854775808,26976,14.994080406423176,949304181,256,3,True
/lustre/isaac24/scratch/eopoku2/downey_cross_sucking_videos_2024/2 weeks post-grouping (not annotated)/Group 4 Week 2/Cam 8/N884A6_ch8_main_20240929173002_20240929180002.mp4,-9223372036854775808,-9223372036854775808,-9223372036854775808,26994,14.98858948233452,949250184,256,3,True
/lustre/isaac24/scratch/eopoku2/downey_cross_sucking_videos_2024/2 weeks post-grouping (not annotated)/Group 4 Week 2/Cam 8/N884A6_ch8_main_20240929180002_20240929183002.mp4,-9223372036854775808,-9223372036854775808,-9223372036854775808,26993,14.992029947403209,949519200,256,3,True
/lustre/isaac24/scratch/eopoku2/downey_cross_sucking_videos_2024/2 weeks post-grouping (not annotated)/Group 4 Week 2/Cam 8/N884A6_ch8_main_20240929183002_20240929190002.mp4,-9223372036854775808,-9223372036854775808,-9223372036854775808,26992,14.993722989412404,949509153,256,3,True
/lustre/isaac24/scratch/eopoku2/downey_cross_sucking_videos_2024/2 weeks post-grouping (not annotated)/Group 4 Week 2/Cam 8/N884A6_ch8_main_20240929190002_20240929193002.mp4,-9223372036854775808,-9223372036854775808,-9223372036854775808,26977,14.992886201453883,949372194,256,3,True
/lustre/isaac24/scratch/eopoku2/downey_cross_sucking_videos_2024/2 weeks post-grouping (not annotated)/Group 4 Week 2/Cam 8/N884A6_ch8_main_20240929193002_20240929200002.mp4,-9223372036854775808,-9223372036854775808,-9223372036854775808,26993,14.99386203180634,949556662,256,3,True
/lustre/isaac24/scratch/eopoku2/downey_cross_sucking_videos_2024/2 weeks post-grouping (not annotated)/Group 4 Week 2/Cam 8/N884A6_ch8_main_20240929200002_20240929203002.mp4,-9223372036854775808,-9223372036854775808,-9223372036854775808,26994,14.992751892561389,949453693,256,3,True
/lustre/isaac24/scratch/eopoku2/downey_cross_sucking_videos_2024/2 weeks post-grouping (not annotated)/Group 4 Week 2/Cam 8/N884A6_ch8_main_20240929203002_20240929210002.mp4,-9223372036854775808,-9223372036854775808,-9223372036854775808,26991,14.988005597387886,950176181,256,3,True
/lustre/isaac24/scratch/eopoku2/downey_cross_sucking_videos_2024/2 weeks post-grouping (not annotated)/Group 4 Week 2/Cam 8/N884A6_ch8_main_20240929210002_20240929213002.mp4,-9223372036854775808,-9223372036854775808,-9223372036854775808,26980,14.9923038025328,949312715,256,3,True
/lustre/isaac24/scratch/eopoku2/downey_cross_sucking_videos_2024/2 weeks post-grouping (not annotated)/Group 4 Week 2/Cam 8/N884A6_ch8_main_20240929213002_20240929220002.mp4,-9223372036854775808,-9223372036854775808,-9223372036854775808,26995,14.993723686695327,949504049,256,3,True
/lustre/isaac24/scratch/eopoku2/downey_cross_sucking_videos_2024/2 weeks post-grouping (not annotated)/Group 4 Week 2/Cam 8/N884A6_ch8_main_20240929220002_20240929223002.mp4,-9223372036854775808,-9223372036854775808,-9223372036854775808,26991,14.992834368369014,949411482,256,3,True
/lustre/isaac24/scratch/eopoku2/downey_cross_sucking_videos_2024/2 weeks post-grouping (not annotated)/Group 4 Week 2/Cam 8/N884A6_ch8_main_20240929223002_20240929230003.mp4,-9223372036854775808,-9223372036854775808,-9223372036854775808,26992,14.993806278156438,949470468,256,3,True
/lustre/isaac24/scratch/eopoku2/downey_cross_sucking_videos_2024/2 weeks post-grouping (not annotated)/Group 4 Week 2/Cam 8/N884A6_ch8_main_20240929230003_20240929233002.mp4,-9223372036854775808,-9223372036854775808,-9223372036854775808,26970,14.993662300696036,948545946,256,3,True
/lustre/isaac24/scratch/eopoku2/downey_cross_sucking_videos_2024/2 weeks post-grouping (not annotated)/Group 4 Week 2/Cam 8/N884A6_ch8_main_20240929233002_20240930000000.mp4,-9223372036854775808,-9223372036854775808,-9223372036854775808,26969,14.989106511638248,949163762,256,3,True
/lustre/isaac24/scratch/eopoku2/downey_cross_sucking_videos_2024/2 weeks post-grouping (not annotated)/Group 4 Week 2/Cam 8/N884A6_ch8_main_20240930000000_20240930003002.mp4,-9223372036854775808,-9223372036854775808,-9223372036854775808,27022,14.991400832177533,950515234,256,3,True
/lustre/isaac24/scratch/eopoku2/downey_cross_sucking_videos_2024/2 weeks post-grouping (not annotated)/Group 4 Week 2/Cam 8/N884A6_ch8_main_20240930003002_20240930010003.mp4,-9223372036854775808,-9223372036854775808,-9223372036854775808,26992,14.993722989412404,949430601,256,3,True
/lustre/isaac24/scratch/eopoku2/downey_cross_sucking_videos_2024/2 weeks post-grouping (not annotated)/Group 4 Week 2/Cam 8/N884A6_ch8_main_20240930010003_20240930013002.mp4,-9223372036854775808,-9223372036854775808,-9223372036854775808,26980,14.99422016717055,949337845,256,3,True
/lustre/isaac24/scratch/eopoku2/downey_cross_sucking_videos_2024/2 weeks post-grouping (not annotated)/Group 4 Week 2/Cam 8/N884A6_ch8_main_20240930013002_20240930020002.mp4,-9223372036854775808,-9223372036854775808,-9223372036854775808,26992,14.993806278156438,949469920,256,3,True
/lustre/isaac24/scratch/eopoku2/downey_cross_sucking_videos_2024/2 weeks post-grouping (not annotated)/Group 4 Week 2/Cam 8/N884A6_ch8_main_20240930020002_20240930023002.mp4,-9223372036854775808,-9223372036854775808,-9223372036854775808,26992,14.993389843689243,949492350,256,3,True
/lustre/isaac24/scratch/eopoku2/downey_cross_sucking_videos_2024/2 weeks post-grouping (not annotated)/Group 4 Week 2/Cam 8/N884A6_ch8_main_20240930023002_20240930030002.mp4,-9223372036854775808,-9223372036854775808,-9223372036854775808,26975,14.988359365015864,949143411,256,3,True
/lustre/isaac24/scratch/eopoku2/downey_cross_sucking_videos_2024/2 weeks post-grouping (not annotated)/Group 4 Week 2/Cam 8/N884A6_ch8_main_20240930030002_20240930033002.mp4,-9223372036854775808,-9223372036854775808,-9223372036854775808,26997,14.992835960147946,950193727,256,3,True
/lustre/isaac24/scratch/eopoku2/downey_cross_sucking_videos_2024/2 weeks post-grouping (not annotated)/Group 4 Week 2/Cam 8/N884A6_ch8_main_20240930033002_20240930040002.mp4,-9223372036854775808,-9223372036854775808,-9223372036854775808,26993,14.99386203180634,949481352,256,3,True
/lustre/isaac24/scratch/eopoku2/downey_cross_sucking_videos_2024/2 weeks post-grouping (not annotated)/Group 4 Week 2/Cam 8/N884A6_ch8_main_20240930040002_20240930043002.mp4,-9223372036854775808,-9223372036854775808,-9223372036854775808,26992,14.99330655957162,949538899,256,3,True
/lustre/isaac24/scratch/eopoku2/downey_cross_sucking_videos_2024/2 weeks post-grouping (not annotated)/Group 4 Week 2/Cam 8/N884A6_ch8_main_20240930043002_20240930050000.mp4,-9223372036854775808,-9223372036854775808,-9223372036854775808,26946,14.993573229021184,948220762,256,3,True
/lustre/isaac24/scratch/eopoku2/downey_cross_sucking_videos_2024/2 weeks post-grouping (not annotated)/Group 5 Week 2/Cam 9/N884A6_ch9_main_20241026043000_20241026050003.mp4,-9223372036854775808,-9223372036854775808,-9223372036854775808,27084,14.990286533427057,953323639,256,3,True
/lustre/isaac24/scratch/eopoku2/downey_cross_sucking_videos_2024/2 weeks post-grouping (not annotated)/Group 5 Week 2/Cam 9/N884A6_ch9_main_20241026050003_20241026053003.mp4,-9223372036854775808,-9223372036854775808,-9223372036854775808,26991,14.993667229579591,949399277,256,3,True
/lustre/isaac24/scratch/eopoku2/downey_cross_sucking_videos_2024/2 weeks post-grouping (not annotated)/Group 5 Week 2/Cam 9/N884A6_ch9_main_20241026053003_20241026060003.mp4,-9223372036854775808,-9223372036854775808,-9223372036854775808,26993,14.993279047291066,949286775,256,3,True
/lustre/isaac24/scratch/eopoku2/downey_cross_sucking_videos_2024/2 weeks post-grouping (not annotated)/Group 5 Week 2/Cam 9/N884A6_ch9_main_20241026060003_20241026063003.mp4,-9223372036854775808,-9223372036854775808,-9223372036854775808,26993,14.99386203180634,949350517,256,3,True
/lustre/isaac24/scratch/eopoku2/downey_cross_sucking_videos_2024/2 weeks post-grouping (not annotated)/Group 5 Week 2/Cam 9/N884A6_ch9_main_20241026063003_20241026070003.mp4,-9223372036854775808,-9223372036854775808,-9223372036854775808,26979,14.993247786774551,949270677,256,3,True
/lustre/isaac24/scratch/eopoku2/downey_cross_sucking_videos_2024/2 weeks post-grouping (not annotated)/Group 5 Week 2/Cam 9/N884A6_ch9_main_20241026070003_20241026073003.mp4,-9223372036854775808,-9223372036854775808,-9223372036854775808,26993,14.9908643086031,949248438,256,3,True
/lustre/isaac24/scratch/eopoku2/downey_cross_sucking_videos_2024/2 weeks post-grouping (not annotated)/Group 5 Week 2/Cam 9/N884A6_ch9_main_20241026073003_20241026080003.mp4,-9223372036854775808,-9223372036854775808,-9223372036854775808,26992,14.989310009718173,949125918,256,3,True
/lustre/isaac24/scratch/eopoku2/downey_cross_sucking_videos_2024/2 weeks post-grouping (not annotated)/Group 5 Week 2/Cam 9/N884A6_ch9_main_20241026080003_20241026083003.mp4,-9223372036854775808,-9223372036854775808,-9223372036854775808,26978,14.993525295807837,949355192,256,3,True
/lustre/isaac24/scratch/eopoku2/downey_cross_sucking_videos_2024/2 weeks post-grouping (not annotated)/Group 5 Week 2/Cam 9/N884A6_ch9_main_20241026083003_20241026090003.mp4,-9223372036854775808,-9223372036854775808,-9223372036854775808,26991,14.993667229579591,949357404,256,3,True
/lustre/isaac24/scratch/eopoku2/downey_cross_sucking_videos_2024/2 weeks post-grouping (not annotated)/Group 5 Week 2/Cam 9/N884A6_ch9_main_20241026090003_20241026093003.mp4,-9223372036854775808,-9223372036854775808,-9223372036854775808,26992,14.993806278156438,949431395,256,3,True
/lustre/isaac24/scratch/eopoku2/downey_cross_sucking_videos_2024/2 weeks post-grouping (not annotated)/Group 5 Week 2/Cam 9/N884A6_ch9_main_20241026093003_20241026100003.mp4,-9223372036854775808,-9223372036854775808,-9223372036854775808,26994,14.99375121504152,949405223,256,3,True
/lustre/isaac24/scratch/eopoku2/downey_cross_sucking_videos_2024/2 weeks post-grouping (not annotated)/Group 5 Week 2/Cam 9/N884A6_ch9_main_20241026100003_20241026103003.mp4,-9223372036854775808,-9223372036854775808,-9223372036854775808,26970,14.988995842873974,948375439,256,3,True
/lustre/isaac24/scratch/eopoku2/downey_cross_sucking_videos_2024/2 weeks post-grouping (not annotated)/Group 5 Week 2/Cam 9/N884A6_ch9_main_20241026103003_20241026110003.mp4,-9223372036854775808,-9223372036854775808,-9223372036854775808,26999,14.991199284837784,950246378,256,3,True
/lustre/isaac24/scratch/eopoku2/downey_cross_sucking_videos_2024/2 weeks post-grouping (not annotated)/Group 5 Week 2/Cam 9/N884A6_ch9_main_20241026110003_20241026113003.mp4,-9223372036854775808,-9223372036854775808,-9223372036854775808,26994,14.993251537149872,949510201,256,3,True
/lustre/isaac24/scratch/eopoku2/downey_cross_sucking_videos_2024/2 weeks post-grouping (not annotated)/Group 5 Week 2/Cam 9/N884A6_ch9_main_20241026113003_20241026120003.mp4,-9223372036854775808,-9223372036854775808,-9223372036854775808,26992,14.992973432353317,949139084,256,3,True
/lustre/isaac24/scratch/eopoku2/downey_cross_sucking_videos_2024/2 weeks post-grouping (not annotated)/Group 5 Week 2/Cam 9/N884A6_ch9_main_20241026120003_20241026123003.mp4,-9223372036854775808,-9223372036854775808,-9223372036854775808,26978,14.992692049060526,948974362,256,3,True
/lustre/isaac24/scratch/eopoku2/downey_cross_sucking_videos_2024/2 weeks post-grouping (not annotated)/Group 5 Week 2/Cam 9/N884A6_ch9_main_20241026123003_20241026130003.mp4,-9223372036854775808,-9223372036854775808,-9223372036854775808,26993,14.993945319009477,948576215,256,3,True
/lustre/isaac24/scratch/eopoku2/downey_cross_sucking_videos_2024/2 weeks post-grouping (not annotated)/Group 5 Week 2/Cam 9/N884A6_ch9_main_20241026130003_20241026133003.mp4,-9223372036854775808,-9223372036854775808,-9223372036854775808,26992,14.990392198242828,948878030,256,3,True
/lustre/isaac24/scratch/eopoku2/downey_cross_sucking_videos_2024/2 weeks post-grouping (not annotated)/Group 5 Week 2/Cam 9/N884A6_ch9_main_20241026133003_20241026140003.mp4,-9223372036854775808,-9223372036854775808,-9223372036854775808,26992,14.990475449986391,948513033,256,3,True
/lustre/isaac24/scratch/eopoku2/downey_cross_sucking_videos_2024/2 weeks post-grouping (not annotated)/Group 5 Week 2/Cam 9/N884A6_ch9_main_20241026140003_20241026143003.mp4,-9223372036854775808,-9223372036854775808,-9223372036854775808,26977,14.993802835688998,949224518,256,3,True
/lustre/isaac24/scratch/eopoku2/downey_cross_sucking_videos_2024/2 weeks post-grouping (not annotated)/Group 5 Week 2/Cam 9/N884A6_ch9_main_20241026143003_20241026150003.mp4,-9223372036854775808,-9223372036854775808,-9223372036854775808,26995,14.993890246611864,949325297,256,3,True
/lustre/isaac24/scratch/eopoku2/downey_cross_sucking_videos_2024/2 weeks post-grouping (not annotated)/Group 5 Week 2/Cam 9/N884A6_ch9_main_20241026150003_20241026153003.mp4,-9223372036854775808,-9223372036854775808,-9223372036854775808,26991,14.992834368369014,949018322,256,3,True
/lustre/isaac24/scratch/eopoku2/downey_cross_sucking_videos_2024/2 weeks post-grouping (not annotated)/Group 5 Week 2/Cam 9/N884A6_ch9_main_20241026153003_20241026160003.mp4,-9223372036854775808,-9223372036854775808,-9223372036854775808,26993,14.993528892246337,949143148,256,3,True
/lustre/isaac24/scratch/eopoku2/downey_cross_sucking_videos_2024/2 weeks post-grouping (not annotated)/Group 5 Week 2/Cam 9/N884A6_ch9_main_20241026160003_20241026163003.mp4,-9223372036854775808,-9223372036854775808,-9223372036854775808,26978,14.990942532312378,949241309,256,3,True
/lustre/isaac24/scratch/eopoku2/downey_cross_sucking_videos_2024/2 weeks post-grouping (not annotated)/Group 5 Week 2/Cam 9/N884A6_ch9_main_20241026163003_20241026170003.mp4,-9223372036854775808,-9223372036854775808,-9223372036854775808,26992,14.99055870265467,949097542,256,3,True
/lustre/isaac24/scratch/eopoku2/downey_cross_sucking_videos_2024/2 weeks post-grouping (not annotated)/Group 5 Week 2/Cam 9/N884A6_ch9_main_20241026170003_20241026173003.mp4,-9223372036854775808,-9223372036854775808,-9223372036854775808,26994,14.99366793308005,949436084,256,3,True
/lustre/isaac24/scratch/eopoku2/downey_cross_sucking_videos_2024/2 weeks post-grouping (not annotated)/Group 5 Week 2/Cam 9/N884A6_ch9_main_20241026173003_20241026180003.mp4,-9223372036854775808,-9223372036854775808,-9223372036854775808,26979,14.994081064408023,949154052,256,3,True
/lustre/isaac24/scratch/eopoku2/downey_cross_sucking_videos_2024/2 weeks post-grouping (not annotated)/Group 5 Week 2/Cam 9/N884A6_ch9_main_20241026180003_20241026183003.mp4,-9223372036854775808,-9223372036854775808,-9223372036854775808,26993,14.993945319009477,949288775,256,3,True
/lustre/isaac24/scratch/eopoku2/downey_cross_sucking_videos_2024/2 weeks post-grouping (not annotated)/Group 5 Week 2/Cam 9/N884A6_ch9_main_20241026183003_20241026190003.mp4,-9223372036854775808,-9223372036854775808,-9223372036854775808,26990,14.992528732439744,949712667,256,3,True
/lustre/isaac24/scratch/eopoku2/downey_cross_sucking_videos_2024/2 weeks post-grouping (not annotated)/Group 5 Week 2/Cam 9/N884A6_ch9_main_20241026190003_20241026193003.mp4,-9223372036854775808,-9223372036854775808,-9223372036854775808,26992,14.989226770918943,949500518,256,3,True
/lustre/isaac24/scratch/eopoku2/downey_cross_sucking_videos_2024/2 weeks post-grouping (not annotated)/Group 5 Week 2/Cam 9/N884A6_ch9_main_20241026193003_20241026200003.mp4,-9223372036854775808,-9223372036854775808,-9223372036854775808,26979,14.99124829828022,949218376,256,3,True
/lustre/isaac24/scratch/eopoku2/downey_cross_sucking_videos_2024/2 weeks post-grouping (not annotated)/Group 5 Week 2/Cam 9/N884A6_ch9_main_20241026200003_20241026203003.mp4,-9223372036854775808,-9223372036854775808,-9223372036854775808,26992,14.993806278156438,949307292,256,3,True
/lustre/isaac24/scratch/eopoku2/downey_cross_sucking_videos_2024/2 weeks post-grouping (not annotated)/Group 5 Week 2/Cam 9/N884A6_ch9_main_20241026203003_20241026210003.mp4,-9223372036854775808,-9223372036854775808,-9223372036854775808,26992,14.993806278156438,949483910,256,3,True
/lustre/isaac24/scratch/eopoku2/downey_cross_sucking_videos_2024/2 weeks post-grouping (not annotated)/Group 5 Week 2/Cam 9/N884A6_ch9_main_20241026210003_20241026213003.mp4,-9223372036854775808,-9223372036854775808,-9223372036854775808,26994,14.992418814669175,949348278,256,3,True
/lustre/isaac24/scratch/eopoku2/downey_cross_sucking_videos_2024/2 weeks post-grouping (not annotated)/Group 5 Week 2/Cam 9/N884A6_ch9_main_20241026213003_20241026220003.mp4,-9223372036854775808,-9223372036854775808,-9223372036854775808,26978,14.99369195627164,949217467,256,3,True
/lustre/isaac24/scratch/eopoku2/downey_cross_sucking_videos_2024/2 weeks post-grouping (not annotated)/Group 5 Week 2/Cam 9/N884A6_ch9_main_20241026220003_20241026223003.mp4,-9223372036854775808,-9223372036854775808,-9223372036854775808,26992,14.99055870265467,949426818,256,3,True
/lustre/isaac24/scratch/eopoku2/downey_cross_sucking_videos_2024/2 weeks post-grouping (not annotated)/Group 5 Week 2/Cam 9/N884A6_ch9_main_20241026223003_20241026230003.mp4,-9223372036854775808,-9223372036854775808,-9223372036854775808,26993,14.990781055624668,949455859,256,3,True
/lustre/isaac24/scratch/eopoku2/downey_cross_sucking_videos_2024/2 weeks post-grouping (not annotated)/Group 5 Week 2/Cam 9/N884A6_ch9_main_20241026230003_20241026233003.mp4,-9223372036854775808,-9223372036854775808,-9223372036854775808,26994,14.99375121504152,949557862,256,3,True
/lustre/isaac24/scratch/eopoku2/downey_cross_sucking_videos_2024/2 weeks post-grouping (not annotated)/Group 5 Week 2/Cam 9/N884A6_ch9_main_20241026233003_20241027000000.mp4,-9223372036854775808,-9223372036854775808,-9223372036854775808,26931,14.99365312667023,947298667,256,3,True
/lustre/isaac24/scratch/eopoku2/downey_cross_sucking_videos_2024/2 weeks post-grouping (not annotated)/Group 5 Week 2/Cam 9/N884A6_ch9_main_20241027000000_20241027003003.mp4,-9223372036854775808,-9223372036854775808,-9223372036854775808,27036,14.993677765700216,951411560,256,3,True
/lustre/isaac24/scratch/eopoku2/downey_cross_sucking_videos_2024/2 weeks post-grouping (not annotated)/Group 5 Week 2/Cam 9/N884A6_ch9_main_20241027003003_20241027010003.mp4,-9223372036854775808,-9223372036854775808,-9223372036854775808,26995,14.993806966191034,949491749,256,3,True
/lustre/isaac24/scratch/eopoku2/downey_cross_sucking_videos_2024/2 weeks post-grouping (not annotated)/Group 5 Week 2/Cam 9/N884A6_ch9_main_20241027010003_20241027013003.mp4,-9223372036854775808,-9223372036854775808,-9223372036854775808,26993,14.991197329764132,950150960,256,3,True
/lustre/isaac24/scratch/eopoku2/downey_cross_sucking_videos_2024/2 weeks post-grouping (not annotated)/Group 5 Week 2/Cam 9/N884A6_ch9_main_20241027013003_20241027020003.mp4,-9223372036854775808,-9223372036854775808,-9223372036854775808,26970,14.989912239260564,948474858,256,3,True
/lustre/isaac24/scratch/eopoku2/downey_cross_sucking_videos_2024/2 weeks post-grouping (not annotated)/Group 5 Week 2/Cam 9/N884A6_ch9_main_20241027020003_20241027023003.mp4,-9223372036854775808,-9223372036854775808,-9223372036854775808,27000,14.993586077067032,950278505,256,3,True
/lustre/isaac24/scratch/eopoku2/downey_cross_sucking_videos_2024/2 weeks post-grouping (not annotated)/Group 5 Week 2/Cam 9/N884A6_ch9_main_20241027023003_20241027030003.mp4,-9223372036854775808,-9223372036854775808,-9223372036854775808,26992,14.994139442385997,949414914,256,3,True
/lustre/isaac24/scratch/eopoku2/downey_cross_sucking_videos_2024/2 weeks post-grouping (not annotated)/Group 5 Week 2/Cam 9/N884A6_ch9_main_20241027030003_20241027033003.mp4,-9223372036854775808,-9223372036854775808,-9223372036854775808,26992,14.992140679067546,949407392,256,3,True
/lustre/isaac24/scratch/eopoku2/downey_cross_sucking_videos_2024/2 weeks post-grouping (not annotated)/Group 5 Week 2/Cam 9/N884A6_ch9_main_20241027033003_20241027040003.mp4,-9223372036854775808,-9223372036854775808,-9223372036854775808,26978,14.993108660857194,949310619,256,3,True
/lustre/isaac24/scratch/eopoku2/downey_cross_sucking_videos_2024/2 weeks post-grouping (not annotated)/Group 5 Week 2/Cam 9/N884A6_ch9_main_20241027040003_20241027043003.mp4,-9223372036854775808,-9223372036854775808,-9223372036854775808,26995,14.990310023711288,949506472,256,3,True
/lustre/isaac24/scratch/eopoku2/downey_cross_sucking_videos_2024/2 weeks post-grouping (not annotated)/Group 5 Week 2/Cam 9/N884A6_ch9_main_20241027043003_20241027050000.mp4,-9223372036854775808,-9223372036854775808,-9223372036854775808,26945,14.990848044151928,948222997,256,3,True
/lustre/isaac24/scratch/eopoku2/downey_cross_sucking_videos_2024/2 weeks post-grouping (not annotated)/Group 5 Week 2/Cam 1/N884A6_ch1_main_20241026043000_20241026050000.mp4,-9223372036854775808,-9223372036854775808,-9223372036854775808,27018,14.990928208002044,951167514,256,3,True
/lustre/isaac24/scratch/eopoku2/downey_cross_sucking_videos_2024/2 weeks post-grouping (not annotated)/Group 5 Week 2/Cam 1/N884A6_ch1_main_20241026050000_20241026053000.mp4,-9223372036854775808,-9223372036854775808,-9223372036854775808,26991,14.993250787408137,949452905,256,3,True
/lustre/isaac24/scratch/eopoku2/downey_cross_sucking_videos_2024/2 weeks post-grouping (not annotated)/Group 5 Week 2/Cam 1/N884A6_ch1_main_20241026053000_20241026060000.mp4,-9223372036854775808,-9223372036854775808,-9223372036854775808,26994,14.99366793308005,949302067,256,3,True
/lustre/isaac24/scratch/eopoku2/downey_cross_sucking_videos_2024/2 weeks post-grouping (not annotated)/Group 5 Week 2/Cam 1/N884A6_ch1_main_20241026060000_20241026063000.mp4,-9223372036854775808,-9223372036854775808,-9223372036854775808,26993,14.993528892246337,949419255,256,3,True
/lustre/isaac24/scratch/eopoku2/downey_cross_sucking_videos_2024/2 weeks post-grouping (not annotated)/Group 5 Week 2/Cam 1/N884A6_ch1_main_20241026063000_20241026070000.mp4,-9223372036854775808,-9223372036854775808,-9223372036854775808,26978,14.993525295807837,949222921,256,3,True
/lustre/isaac24/scratch/eopoku2/downey_cross_sucking_videos_2024/2 weeks post-grouping (not annotated)/Group 5 Week 2/Cam 1/N884A6_ch1_main_20241026070000_20241026073000.mp4,-9223372036854775808,-9223372036854775808,-9223372036854775808,26994,14.990420658059142,949399361,256,3,True
/lustre/isaac24/scratch/eopoku2/downey_cross_sucking_videos_2024/2 weeks post-grouping (not annotated)/Group 5 Week 2/Cam 1/N884A6_ch1_main_20241026073000_20241026080000.mp4,-9223372036854775808,-9223372036854775808,-9223372036854775808,26991,14.991168923497328,949164129,256,3,True
/lustre/isaac24/scratch/eopoku2/downey_cross_sucking_videos_2024/2 weeks post-grouping (not annotated)/Group 5 Week 2/Cam 1/N884A6_ch1_main_20241026080000_20241026083000.mp4,-9223372036854775808,-9223372036854775808,-9223372036854775808,26970,14.99324553454784,948488303,256,3,True
/lustre/isaac24/scratch/eopoku2/downey_cross_sucking_videos_2024/2 weeks post-grouping (not annotated)/Group 5 Week 2/Cam 1/N884A6_ch1_main_20241026083000_20241026090000.mp4,-9223372036854775808,-9223372036854775808,-9223372036854775808,26999,14.993447065618197,950239329,256,3,True
/lustre/isaac24/scratch/eopoku2/downey_cross_sucking_videos_2024/2 weeks post-grouping (not annotated)/Group 5 Week 2/Cam 1/N884A6_ch1_main_20241026090000_20241026093000.mp4,-9223372036854775808,-9223372036854775808,-9223372036854775808,26992,14.992973432353317,949425256,256,3,True
/lustre/isaac24/scratch/eopoku2/downey_cross_sucking_videos_2024/2 weeks post-grouping (not annotated)/Group 5 Week 2/Cam 1/N884A6_ch1_main_20241026093000_20241026100000.mp4,-9223372036854775808,-9223372036854775808,-9223372036854775808,26994,14.99375121504152,949655874,256,3,True
/lustre/isaac24/scratch/eopoku2/downey_cross_sucking_videos_2024/2 weeks post-grouping (not annotated)/Group 5 Week 2/Cam 1/N884A6_ch1_main_20241026100000_20241026103000.mp4,-9223372036854775808,-9223372036854775808,-9223372036854775808,26977,14.990303562398935,949089325,256,3,True
/lustre/isaac24/scratch/eopoku2/downey_cross_sucking_videos_2024/2 weeks post-grouping (not annotated)/Group 5 Week 2/Cam 1/N884A6_ch1_main_20241026103000_20241026110000.mp4,-9223372036854775808,-9223372036854775808,-9223372036854775808,26991,14.991168923497328,949468688,256,3,True
/lustre/isaac24/scratch/eopoku2/downey_cross_sucking_videos_2024/2 weeks post-grouping (not annotated)/Group 5 Week 2/Cam 1/N884A6_ch1_main_20241026110000_20241026113000.mp4,-9223372036854775808,-9223372036854775808,-9223372036854775808,26995,14.99339057796341,949566053,256,3,True
/lustre/isaac24/scratch/eopoku2/downey_cross_sucking_videos_2024/2 weeks post-grouping (not annotated)/Group 5 Week 2/Cam 1/N884A6_ch1_main_20241026113000_20241026120000.mp4,-9223372036854775808,-9223372036854775808,-9223372036854775808,26992,14.993722989412404,949301304,256,3,True
/lustre/isaac24/scratch/eopoku2/downey_cross_sucking_videos_2024/2 weeks post-grouping (not annotated)/Group 5 Week 2/Cam 1/N884A6_ch1_main_20241026120000_20241026123000.mp4,-9223372036854775808,-9223372036854775808,-9223372036854775808,26977,14.993886171631836,949080220,256,3,True
/lustre/isaac24/scratch/eopoku2/downey_cross_sucking_videos_2024/2 weeks post-grouping (not annotated)/Group 5 Week 2/Cam 1/N884A6_ch1_main_20241026123000_20241026130000.mp4,-9223372036854775808,-9223372036854775808,-9223372036854775808,26993,14.993528892246337,948858503,256,3,True
/lustre/isaac24/scratch/eopoku2/downey_cross_sucking_videos_2024/2 weeks post-grouping (not annotated)/Group 5 Week 2/Cam 1/N884A6_ch1_main_20241026130000_20241026133000.mp4,-9223372036854775808,-9223372036854775808,-9223372036854775808,26993,14.989865333888655,949207600,256,3,True
/lustre/isaac24/scratch/eopoku2/downey_cross_sucking_videos_2024/2 weeks post-grouping (not annotated)/Group 5 Week 2/Cam 1/N884A6_ch1_main_20241026133000_20241026140000.mp4,-9223372036854775808,-9223372036854775808,-9223372036854775808,26992,14.990641956247677,948861467,256,3,True
/lustre/isaac24/scratch/eopoku2/downey_cross_sucking_videos_2024/2 weeks post-grouping (not annotated)/Group 5 Week 2/Cam 1/N884A6_ch1_main_20241026140000_20241026143000.mp4,-9223372036854775808,-9223372036854775808,-9223372036854775808,26976,14.993663709731209,949257440,256,3,True
/lustre/isaac24/scratch/eopoku2/downey_cross_sucking_videos_2024/2 weeks post-grouping (not annotated)/Group 5 Week 2/Cam 1/N884A6_ch1_main_20241026143000_20241026150000.mp4,-9223372036854775808,-9223372036854775808,-9223372036854775808,26996,14.993862713624775,949374248,256,3,True
/lustre/isaac24/scratch/eopoku2/downey_cross_sucking_videos_2024/2 weeks post-grouping (not annotated)/Group 5 Week 2/Cam 1/N884A6_ch1_main_20241026150000_20241026153000.mp4,-9223372036854775808,-9223372036854775808,-9223372036854775808,26991,14.993667229579591,949407044,256,3,True
/lustre/isaac24/scratch/eopoku2/downey_cross_sucking_videos_2024/2 weeks post-grouping (not annotated)/Group 5 Week 2/Cam 1/N884A6_ch1_main_20241026153000_20241026160000.mp4,-9223372036854775808,-9223372036854775808,-9223372036854775808,26992,14.992973432353317,949356184,256,3,True
/lustre/isaac24/scratch/eopoku2/downey_cross_sucking_videos_2024/2 weeks post-grouping (not annotated)/Group 5 Week 2/Cam 1/N884A6_ch1_main_20241026160000_20241026163000.mp4,-9223372036854775808,-9223372036854775808,-9223372036854775808,26977,14.990220266275475,949413589,256,3,True
/lustre/isaac24/scratch/eopoku2/downey_cross_sucking_videos_2024/2 weeks post-grouping (not annotated)/Group 5 Week 2/Cam 1/N884A6_ch1_main_20241026163000_20241026170000.mp4,-9223372036854775808,-9223372036854775808,-9223372036854775808,26992,14.98947649009013,949224796,256,3,True
/lustre/isaac24/scratch/eopoku2/downey_cross_sucking_videos_2024/2 weeks post-grouping (not annotated)/Group 5 Week 2/Cam 1/N884A6_ch1_main_20241026170000_20241026173000.mp4,-9223372036854775808,-9223372036854775808,-9223372036854775808,26998,14.99339131207446,949535904,256,3,True
/lustre/isaac24/scratch/eopoku2/downey_cross_sucking_videos_2024/2 weeks post-grouping (not annotated)/Group 5 Week 2/Cam 1/N884A6_ch1_main_20241026173000_20241026180000.mp4,-9223372036854775808,-9223372036854775808,-9223372036854775808,26970,14.993912371506562,948498193,256,3,True
/lustre/isaac24/scratch/eopoku2/downey_cross_sucking_videos_2024/2 weeks post-grouping (not annotated)/Group 5 Week 2/Cam 1/N884A6_ch1_main_20241026180000_20241026183000.mp4,-9223372036854775808,-9223372036854775808,-9223372036854775808,26997,14.993751909138874,950298181,256,3,True
/lustre/isaac24/scratch/eopoku2/downey_cross_sucking_videos_2024/2 weeks post-grouping (not annotated)/Group 5 Week 2/Cam 1/N884A6_ch1_main_20241026183000_20241026190000.mp4,-9223372036854775808,-9223372036854775808,-9223372036854775808,26992,14.993806278156438,949606547,256,3,True
/lustre/isaac24/scratch/eopoku2/downey_cross_sucking_videos_2024/2 weeks post-grouping (not annotated)/Group 5 Week 2/Cam 1/N884A6_ch1_main_20241026190000_20241026193000.mp4,-9223372036854775808,-9223372036854775808,-9223372036854775808,26993,14.99036480460268,950006764,256,3,True
/lustre/isaac24/scratch/eopoku2/downey_cross_sucking_videos_2024/2 weeks post-grouping (not annotated)/Group 5 Week 2/Cam 1/N884A6_ch1_main_20241026193000_20241026200000.mp4,-9223372036854775808,-9223372036854775808,-9223372036854775808,26978,14.990609337319272,949307171,256,3,True
/lustre/isaac24/scratch/eopoku2/downey_cross_sucking_videos_2024/2 weeks post-grouping (not annotated)/Group 5 Week 2/Cam 1/N884A6_ch1_main_20241026200000_20241026203000.mp4,-9223372036854775808,-9223372036854775808,-9223372036854775808,26992,14.993806278156438,949469704,256,3,True
/lustre/isaac24/scratch/eopoku2/downey_cross_sucking_videos_2024/2 weeks post-grouping (not annotated)/Group 5 Week 2/Cam 1/N884A6_ch1_main_20241026203000_20241026210000.mp4,-9223372036854775808,-9223372036854775808,-9223372036854775808,26992,14.993639701593684,949500016,256,3,True
/lustre/isaac24/scratch/eopoku2/downey_cross_sucking_videos_2024/2 weeks post-grouping (not annotated)/Group 5 Week 2/Cam 1/N884A6_ch1_main_20241026210000_20241026213000.mp4,-9223372036854775808,-9223372036854775808,-9223372036854775808,26994,14.99283516434689,949468503,256,3,True
/lustre/isaac24/scratch/eopoku2/downey_cross_sucking_videos_2024/2 weeks post-grouping (not annotated)/Group 5 Week 2/Cam 1/N884A6_ch1_main_20241026213000_20241026220000.mp4,-9223372036854775808,-9223372036854775808,-9223372036854775808,26981,14.994359262202613,949289769,256,3,True
/lustre/isaac24/scratch/eopoku2/downey_cross_sucking_videos_2024/2 weeks post-grouping (not annotated)/Group 5 Week 2/Cam 1/N884A6_ch1_main_20241026220000_20241026223000.mp4,-9223372036854775808,-9223372036854775808,-9223372036854775808,26991,14.990169834164549,949490685,256,3,True
/lustre/isaac24/scratch/eopoku2/downey_cross_sucking_videos_2024/2 weeks post-grouping (not annotated)/Group 5 Week 2/Cam 1/N884A6_ch1_main_20241026223000_20241026230000.mp4,-9223372036854775808,-9223372036854775808,-9223372036854775808,26994,14.990420658059142,949492232,256,3,True
/lustre/isaac24/scratch/eopoku2/downey_cross_sucking_videos_2024/2 weeks post-grouping (not annotated)/Group 5 Week 2/Cam 1/N884A6_ch1_main_20241026230000_20241026233000.mp4,-9223372036854775808,-9223372036854775808,-9223372036854775808,26990,14.99294514992945,949481606,256,3,True
/lustre/isaac24/scratch/eopoku2/downey_cross_sucking_videos_2024/2 weeks post-grouping (not annotated)/Group 5 Week 2/Cam 1/N884A6_ch1_main_20241026233000_20241027000000.mp4,-9223372036854775808,-9223372036854775808,-9223372036854775808,26978,14.993525295807837,949285649,256,3,True
/lustre/isaac24/scratch/eopoku2/downey_cross_sucking_videos_2024/2 weeks post-grouping (not annotated)/Group 5 Week 2/Cam 1/N884A6_ch1_main_20241027000000_20241027003000.mp4,-9223372036854775808,-9223372036854775808,-9223372036854775808,26993,14.993945319009477,949397379,256,3,True
/lustre/isaac24/scratch/eopoku2/downey_cross_sucking_videos_2024/2 weeks post-grouping (not annotated)/Group 5 Week 2/Cam 1/N884A6_ch1_main_20241027003000_20241027010000.mp4,-9223372036854775808,-9223372036854775808,-9223372036854775808,26994,14.993251537149872,949517116,256,3,True
/lustre/isaac24/scratch/eopoku2/downey_cross_sucking_videos_2024/2 weeks post-grouping (not annotated)/Group 5 Week 2/Cam 1/N884A6_ch1_main_20241027010000_20241027013000.mp4,-9223372036854775808,-9223372036854775808,-9223372036854775808,26992,14.990974979867262,949482599,256,3,True
/lustre/isaac24/scratch/eopoku2/downey_cross_sucking_videos_2024/2 weeks post-grouping (not annotated)/Group 5 Week 2/Cam 1/N884A6_ch1_main_20241027013000_20241027020000.mp4,-9223372036854775808,-9223372036854775808,-9223372036854775808,26979,14.989332622174812,949334586,256,3,True
/lustre/isaac24/scratch/eopoku2/downey_cross_sucking_videos_2024/2 weeks post-grouping (not annotated)/Group 5 Week 2/Cam 1/N884A6_ch1_main_20241027020000_20241027023000.mp4,-9223372036854775808,-9223372036854775808,-9223372036854775808,26992,14.994306030053052,949423571,256,3,True
/lustre/isaac24/scratch/eopoku2/downey_cross_sucking_videos_2024/2 weeks post-grouping (not annotated)/Group 5 Week 2/Cam 1/N884A6_ch1_main_20241027023000_20241027030000.mp4,-9223372036854775808,-9223372036854775808,-9223372036854775808,26991,14.993667229579591,949424943,256,3,True
/lustre/isaac24/scratch/eopoku2/downey_cross_sucking_videos_2024/2 weeks post-grouping (not annotated)/Group 5 Week 2/Cam 1/N884A6_ch1_main_20241027030000_20241027033000.mp4,-9223372036854775808,-9223372036854775808,-9223372036854775808,26993,14.993945319009477,949502864,256,3,True
/lustre/isaac24/scratch/eopoku2/downey_cross_sucking_videos_2024/2 weeks post-grouping (not annotated)/Group 5 Week 2/Cam 1/N884A6_ch1_main_20241027033000_20241027040000.mp4,-9223372036854775808,-9223372036854775808,-9223372036854775808,26979,14.993247786774551,949321254,256,3,True
/lustre/isaac24/scratch/eopoku2/downey_cross_sucking_videos_2024/2 weeks post-grouping (not annotated)/Group 5 Week 2/Cam 1/N884A6_ch1_main_20241027040000_20241027043000.mp4,-9223372036854775808,-9223372036854775808,-9223372036854775808,26994,14.989754724210504,949501498,256,3,True
/lustre/isaac24/scratch/eopoku2/downey_cross_sucking_videos_2024/2 weeks post-grouping (not annotated)/Group 5 Week 2/Cam 1/N884A6_ch1_main_20241027043000_20241027050000.mp4,-9223372036854775808,-9223372036854775808,-9223372036854775808,26988,14.990668325631,949412389,256,3,True
/lustre/isaac24/scratch/eopoku2/downey_cross_sucking_videos_2024/2 weeks post-grouping (not annotated)/Group 5 Week 2/Cam 7/N884A6_ch7_main_20241026043000_20241026050001.mp4,-9223372036854775808,-9223372036854775808,-9223372036854775808,27053,14.990718421854654,952141044,256,3,True
/lustre/isaac24/scratch/eopoku2/downey_cross_sucking_videos_2024/2 weeks post-grouping (not annotated)/Group 5 Week 2/Cam 7/N884A6_ch7_main_20241026050001_20241026053001.mp4,-9223372036854775808,-9223372036854775808,-9223372036854775808,26994,14.99366793308005,949424118,256,3,True
/lustre/isaac24/scratch/eopoku2/downey_cross_sucking_videos_2024/2 weeks post-grouping (not annotated)/Group 5 Week 2/Cam 7/N884A6_ch7_main_20241026053001_20241026060001.mp4,-9223372036854775808,-9223372036854775808,-9223372036854775808,26991,14.993667229579591,949133472,256,3,True
/lustre/isaac24/scratch/eopoku2/downey_cross_sucking_videos_2024/2 weeks post-grouping (not annotated)/Group 5 Week 2/Cam 7/N884A6_ch7_main_20241026060001_20241026063001.mp4,-9223372036854775808,-9223372036854775808,-9223372036854775808,26996,14.99311325365442,949441001,256,3,True
/lustre/isaac24/scratch/eopoku2/downey_cross_sucking_videos_2024/2 weeks post-grouping (not annotated)/Group 5 Week 2/Cam 7/N884A6_ch7_main_20241026063001_20241026070001.mp4,-9223372036854775808,-9223372036854775808,-9223372036854775808,26970,14.992828791567993,948394353,256,3,True
/lustre/isaac24/scratch/eopoku2/downey_cross_sucking_videos_2024/2 weeks post-grouping (not annotated)/Group 5 Week 2/Cam 7/N884A6_ch7_main_20241026070001_20241026073001.mp4,-9223372036854775808,-9223372036854775808,-9223372036854775808,27000,14.990672470462822,950032580,256,3,True
/lustre/isaac24/scratch/eopoku2/downey_cross_sucking_videos_2024/2 weeks post-grouping (not annotated)/Group 5 Week 2/Cam 7/N884A6_ch7_main_20241026073001_20241026080001.mp4,-9223372036854775808,-9223372036854775808,-9223372036854775808,26993,14.99036480460268,949085734,256,3,True
/lustre/isaac24/scratch/eopoku2/downey_cross_sucking_videos_2024/2 weeks post-grouping (not annotated)/Group 5 Week 2/Cam 7/N884A6_ch7_main_20241026080001_20241026083001.mp4,-9223372036854775808,-9223372036854775808,-9223372036854775808,26976,14.993997065231891,949200468,256,3,True
/lustre/isaac24/scratch/eopoku2/downey_cross_sucking_videos_2024/2 weeks post-grouping (not annotated)/Group 5 Week 2/Cam 7/N884A6_ch7_main_20241026083001_20241026090001.mp4,-9223372036854775808,-9223372036854775808,-9223372036854775808,26994,14.99416763872688,949392858,256,3,True
/lustre/isaac24/scratch/eopoku2/downey_cross_sucking_videos_2024/2 weeks post-grouping (not annotated)/Group 5 Week 2/Cam 7/N884A6_ch7_main_20241026090001_20241026093001.mp4,-9223372036854775808,-9223372036854775808,-9223372036854775808,26992,14.993806278156438,949374810,256,3,True
/lustre/isaac24/scratch/eopoku2/downey_cross_sucking_videos_2024/2 weeks post-grouping (not annotated)/Group 5 Week 2/Cam 7/N884A6_ch7_main_20241026093001_20241026100001.mp4,-9223372036854775808,-9223372036854775808,-9223372036854775808,26991,14.993667229579591,949465664,256,3,True
/lustre/isaac24/scratch/eopoku2/downey_cross_sucking_videos_2024/2 weeks post-grouping (not annotated)/Group 5 Week 2/Cam 7/N884A6_ch7_main_20241026100001_20241026103001.mp4,-9223372036854775808,-9223372036854775808,-9223372036854775808,26982,14.991749037387695,949551721,256,3,True
/lustre/isaac24/scratch/eopoku2/downey_cross_sucking_videos_2024/2 weeks post-grouping (not annotated)/Group 5 Week 2/Cam 7/N884A6_ch7_main_20241026103001_20241026110001.mp4,-9223372036854775808,-9223372036854775808,-9223372036854775808,26992,14.990225697529768,949282598,256,3,True
/lustre/isaac24/scratch/eopoku2/downey_cross_sucking_videos_2024/2 weeks post-grouping (not annotated)/Group 5 Week 2/Cam 7/N884A6_ch7_main_20241026110001_20241026113001.mp4,-9223372036854775808,-9223372036854775808,-9223372036854775808,26991,14.993667229579591,949386603,256,3,True
/lustre/isaac24/scratch/eopoku2/downey_cross_sucking_videos_2024/2 weeks post-grouping (not annotated)/Group 5 Week 2/Cam 7/N884A6_ch7_main_20241026113001_20241026120001.mp4,-9223372036854775808,-9223372036854775808,-9223372036854775808,26992,14.993806278156438,949170014,256,3,True
/lustre/isaac24/scratch/eopoku2/downey_cross_sucking_videos_2024/2 weeks post-grouping (not annotated)/Group 5 Week 2/Cam 7/N884A6_ch7_main_20241026120001_20241026123001.mp4,-9223372036854775808,-9223372036854775808,-9223372036854775808,26979,14.993331110370123,949104181,256,3,True
/lustre/isaac24/scratch/eopoku2/downey_cross_sucking_videos_2024/2 weeks post-grouping (not annotated)/Group 5 Week 2/Cam 7/N884A6_ch7_main_20241026123001_20241026130001.mp4,-9223372036854775808,-9223372036854775808,-9223372036854775808,26990,14.993778054308695,948546200,256,3,True
/lustre/isaac24/scratch/eopoku2/downey_cross_sucking_videos_2024/2 weeks post-grouping (not annotated)/Group 5 Week 2/Cam 7/N884A6_ch7_main_20241026130001_20241026133001.mp4,-9223372036854775808,-9223372036854775808,-9223372036854775808,26993,14.990198310666347,948956216,256,3,True
/lustre/isaac24/scratch/eopoku2/downey_cross_sucking_videos_2024/2 weeks post-grouping (not annotated)/Group 5 Week 2/Cam 7/N884A6_ch7_main_20241026133001_20241026140001.mp4,-9223372036854775808,-9223372036854775808,-9223372036854775808,26996,14.991364805055616,948563427,256,3,True
/lustre/isaac24/scratch/eopoku2/downey_cross_sucking_videos_2024/2 weeks post-grouping (not annotated)/Group 5 Week 2/Cam 7/N884A6_ch7_main_20241026140001_20241026143001.mp4,-9223372036854775808,-9223372036854775808,-9223372036854775808,26976,14.993580373172074,949127137,256,3,True
/lustre/isaac24/scratch/eopoku2/downey_cross_sucking_videos_2024/2 weeks post-grouping (not annotated)/Group 5 Week 2/Cam 7/N884A6_ch7_main_20241026143001_20241026150001.mp4,-9223372036854775808,-9223372036854775808,-9223372036854775808,26992,14.993806278156438,949259459,256,3,True
/lustre/isaac24/scratch/eopoku2/downey_cross_sucking_videos_2024/2 weeks post-grouping (not annotated)/Group 5 Week 2/Cam 7/N884A6_ch7_main_20241026150001_20241026153001.mp4,-9223372036854775808,-9223372036854775808,-9223372036854775808,26994,14.99316826073916,949027956,256,3,True
/lustre/isaac24/scratch/eopoku2/downey_cross_sucking_videos_2024/2 weeks post-grouping (not annotated)/Group 5 Week 2/Cam 7/N884A6_ch7_main_20241026153001_20241026160001.mp4,-9223372036854775808,-9223372036854775808,-9223372036854775808,26994,14.993584652043747,949043499,256,3,True
/lustre/isaac24/scratch/eopoku2/downey_cross_sucking_videos_2024/2 weeks post-grouping (not annotated)/Group 5 Week 2/Cam 7/N884A6_ch7_main_20241026160001_20241026163001.mp4,-9223372036854775808,-9223372036854775808,-9223372036854775808,26976,14.989414726033106,949137467,256,3,True
/lustre/isaac24/scratch/eopoku2/downey_cross_sucking_videos_2024/2 weeks post-grouping (not annotated)/Group 5 Week 2/Cam 7/N884A6_ch7_main_20241026163001_20241026170001.mp4,-9223372036854775808,-9223372036854775808,-9223372036854775808,26992,14.99072521076542,949103190,256,3,True
/lustre/isaac24/scratch/eopoku2/downey_cross_sucking_videos_2024/2 weeks post-grouping (not annotated)/Group 5 Week 2/Cam 7/N884A6_ch7_main_20241026170001_20241026173001.mp4,-9223372036854775808,-9223372036854775808,-9223372036854775808,26992,14.993806278156438,949416640,256,3,True
/lustre/isaac24/scratch/eopoku2/downey_cross_sucking_videos_2024/2 weeks post-grouping (not annotated)/Group 5 Week 2/Cam 7/N884A6_ch7_main_20241026173001_20241026180001.mp4,-9223372036854775808,-9223372036854775808,-9223372036854775808,26978,14.993108660857194,949078036,256,3,True
/lustre/isaac24/scratch/eopoku2/downey_cross_sucking_videos_2024/2 weeks post-grouping (not annotated)/Group 5 Week 2/Cam 7/N884A6_ch7_main_20241026180001_20241026183001.mp4,-9223372036854775808,-9223372036854775808,-9223372036854775808,26996,14.993862713624775,949462456,256,3,True
/lustre/isaac24/scratch/eopoku2/downey_cross_sucking_videos_2024/2 weeks post-grouping (not annotated)/Group 5 Week 2/Cam 7/N884A6_ch7_main_20241026183001_20241026190001.mp4,-9223372036854775808,-9223372036854775808,-9223372036854775808,26992,14.992890152861714,949560215,256,3,True
/lustre/isaac24/scratch/eopoku2/downey_cross_sucking_videos_2024/2 weeks post-grouping (not annotated)/Group 5 Week 2/Cam 7/N884A6_ch7_main_20241026190001_20241026193001.mp4,-9223372036854775808,-9223372036854775808,-9223372036854775808,26993,14.9908643086031,949416398,256,3,True
/lustre/isaac24/scratch/eopoku2/downey_cross_sucking_videos_2024/2 weeks post-grouping (not annotated)/Group 5 Week 2/Cam 7/N884A6_ch7_main_20241026193001_20241026200001.mp4,-9223372036854775808,-9223372036854775808,-9223372036854775808,26978,14.989443271474608,949306366,256,3,True
/lustre/isaac24/scratch/eopoku2/downey_cross_sucking_videos_2024/2 weeks post-grouping (not annotated)/Group 5 Week 2/Cam 7/N884A6_ch7_main_20241026200001_20241026203001.mp4,-9223372036854775808,-9223372036854775808,-9223372036854775808,26992,14.993722989412404,949298266,256,3,True
/lustre/isaac24/scratch/eopoku2/downey_cross_sucking_videos_2024/2 weeks post-grouping (not annotated)/Group 5 Week 2/Cam 7/N884A6_ch7_main_20241026203001_20241026210001.mp4,-9223372036854775808,-9223372036854775808,-9223372036854775808,26992,14.993389843689243,949421505,256,3,True
/lustre/isaac24/scratch/eopoku2/downey_cross_sucking_videos_2024/2 weeks post-grouping (not annotated)/Group 5 Week 2/Cam 7/N884A6_ch7_main_20241026210001_20241026213001.mp4,-9223372036854775808,-9223372036854775808,-9223372036854775808,26994,14.99283516434689,949267735,256,3,True
/lustre/isaac24/scratch/eopoku2/downey_cross_sucking_videos_2024/2 weeks post-grouping (not annotated)/Group 5 Week 2/Cam 7/N884A6_ch7_main_20241026213001_20241026220001.mp4,-9223372036854775808,-9223372036854775808,-9223372036854775808,26975,14.993107894795347,949060248,256,3,True
/lustre/isaac24/scratch/eopoku2/downey_cross_sucking_videos_2024/2 weeks post-grouping (not annotated)/Group 5 Week 2/Cam 7/N884A6_ch7_main_20241026220001_20241026223001.mp4,-9223372036854775808,-9223372036854775808,-9223372036854775808,26996,14.989783226723524,949454188,256,3,True
/lustre/isaac24/scratch/eopoku2/downey_cross_sucking_videos_2024/2 weeks post-grouping (not annotated)/Group 5 Week 2/Cam 7/N884A6_ch7_main_20241026223001_20241026230001.mp4,-9223372036854775808,-9223372036854775808,-9223372036854775808,26990,14.990696770251882,949404457,256,3,True
/lustre/isaac24/scratch/eopoku2/downey_cross_sucking_videos_2024/2 weeks post-grouping (not annotated)/Group 5 Week 2/Cam 7/N884A6_ch7_main_20241026230001_20241026233001.mp4,-9223372036854775808,-9223372036854775808,-9223372036854775808,26993,14.992612834782996,949478105,256,3,True
/lustre/isaac24/scratch/eopoku2/downey_cross_sucking_videos_2024/2 weeks post-grouping (not annotated)/Group 5 Week 2/Cam 7/N884A6_ch7_main_20241026233001_20241027000000.mp4,-9223372036854775808,-9223372036854775808,-9223372036854775808,26963,14.993438320209972,948392612,256,3,True
/lustre/isaac24/scratch/eopoku2/downey_cross_sucking_videos_2024/2 weeks post-grouping (not annotated)/Group 5 Week 2/Cam 7/N884A6_ch7_main_20241027000000_20241027003001.mp4,-9223372036854775808,-9223372036854775808,-9223372036854775808,27008,14.993449248329004,950305805,256,3,True
/lustre/isaac24/scratch/eopoku2/downey_cross_sucking_videos_2024/2 weeks post-grouping (not annotated)/Group 5 Week 2/Cam 7/N884A6_ch7_main_20241027003001_20241027010001.mp4,-9223372036854775808,-9223372036854775808,-9223372036854775808,26992,14.993722989412404,949420944,256,3,True
/lustre/isaac24/scratch/eopoku2/downey_cross_sucking_videos_2024/2 weeks post-grouping (not annotated)/Group 5 Week 2/Cam 7/N884A6_ch7_main_20241027010001_20241027013001.mp4,-9223372036854775808,-9223372036854775808,-9223372036854775808,26995,14.990310023711288,950188848,256,3,True
/lustre/isaac24/scratch/eopoku2/downey_cross_sucking_videos_2024/2 weeks post-grouping (not annotated)/Group 5 Week 2/Cam 7/N884A6_ch7_main_20241027013001_20241027020001.mp4,-9223372036854775808,-9223372036854775808,-9223372036854775808,26977,14.990720056902166,949293755,256,3,True
/lustre/isaac24/scratch/eopoku2/downey_cross_sucking_videos_2024/2 weeks post-grouping (not annotated)/Group 5 Week 2/Cam 7/N884A6_ch7_main_20241027020001_20241027023001.mp4,-9223372036854775808,-9223372036854775808,-9223372036854775808,26991,14.993583939294622,949326742,256,3,True
/lustre/isaac24/scratch/eopoku2/downey_cross_sucking_videos_2024/2 weeks post-grouping (not annotated)/Group 5 Week 2/Cam 7/N884A6_ch7_main_20241027023001_20241027030001.mp4,-9223372036854775808,-9223372036854775808,-9223372036854775808,26995,14.993723686695327,949546197,256,3,True
/lustre/isaac24/scratch/eopoku2/downey_cross_sucking_videos_2024/2 weeks post-grouping (not annotated)/Group 5 Week 2/Cam 7/N884A6_ch7_main_20241027030001_20241027033001.mp4,-9223372036854775808,-9223372036854775808,-9223372036854775808,26993,14.99386203180634,949476752,256,3,True
/lustre/isaac24/scratch/eopoku2/downey_cross_sucking_videos_2024/2 weeks post-grouping (not annotated)/Group 5 Week 2/Cam 7/N884A6_ch7_main_20241027033001_20241027040001.mp4,-9223372036854775808,-9223372036854775808,-9223372036854775808,26978,14.993441966965298,949270614,256,3,True
/lustre/isaac24/scratch/eopoku2/downey_cross_sucking_videos_2024/2 weeks post-grouping (not annotated)/Group 5 Week 2/Cam 7/N884A6_ch7_main_20241027040001_20241027043001.mp4,-9223372036854775808,-9223372036854775808,-9223372036854775808,26991,14.990086582731216,949426913,256,3,True
/lustre/isaac24/scratch/eopoku2/downey_cross_sucking_videos_2024/2 weeks post-grouping (not annotated)/Group 5 Week 2/Cam 7/N884A6_ch7_main_20241027043001_20241027050000.mp4,-9223372036854775808,-9223372036854775808,-9223372036854775808,26977,14.990553456323628,949234337,256,3,True
/lustre/isaac24/scratch/eopoku2/downey_cross_sucking_videos_2024/2 weeks post-grouping (not annotated)/Group 5 Week 2/Cam 8/N884A6_ch8_main_20241026043000_20241026050002.mp4,-9223372036854775808,-9223372036854775808,-9223372036854775808,27053,14.990303097467724,952196711,256,3,True
/lustre/isaac24/scratch/eopoku2/downey_cross_sucking_videos_2024/2 weeks post-grouping (not annotated)/Group 5 Week 2/Cam 8/N884A6_ch8_main_20241026050002_20241026053002.mp4,-9223372036854775808,-9223372036854775808,-9223372036854775808,26994,14.99366793308005,949520526,256,3,True
/lustre/isaac24/scratch/eopoku2/downey_cross_sucking_videos_2024/2 weeks post-grouping (not annotated)/Group 5 Week 2/Cam 8/N884A6_ch8_main_20241026053002_20241026060002.mp4,-9223372036854775808,-9223372036854775808,-9223372036854775808,26993,14.993528892246337,949312109,256,3,True
/lustre/isaac24/scratch/eopoku2/downey_cross_sucking_videos_2024/2 weeks post-grouping (not annotated)/Group 5 Week 2/Cam 8/N884A6_ch8_main_20241026060002_20241026063002.mp4,-9223372036854775808,-9223372036854775808,-9223372036854775808,26990,14.993111723402365,949289147,256,3,True
/lustre/isaac24/scratch/eopoku2/downey_cross_sucking_videos_2024/2 weeks post-grouping (not annotated)/Group 5 Week 2/Cam 8/N884A6_ch8_main_20241026063002_20241026070002.mp4,-9223372036854775808,-9223372036854775808,-9223372036854775808,26979,14.993664414013873,949249632,256,3,True
/lustre/isaac24/scratch/eopoku2/downey_cross_sucking_videos_2024/2 weeks post-grouping (not annotated)/Group 5 Week 2/Cam 8/N884A6_ch8_main_20241026070002_20241026073002.mp4,-9223372036854775808,-9223372036854775808,-9223372036854775808,26992,14.99072521076542,949327870,256,3,True
/lustre/isaac24/scratch/eopoku2/downey_cross_sucking_videos_2024/2 weeks post-grouping (not annotated)/Group 5 Week 2/Cam 8/N884A6_ch8_main_20241026073002_20241026080002.mp4,-9223372036854775808,-9223372036854775808,-9223372036854775808,26992,14.990225697529768,949311611,256,3,True
/lustre/isaac24/scratch/eopoku2/downey_cross_sucking_videos_2024/2 weeks post-grouping (not annotated)/Group 5 Week 2/Cam 8/N884A6_ch8_main_20241026080002_20241026083002.mp4,-9223372036854775808,-9223372036854775808,-9223372036854775808,26979,14.993581086713682,949317767,256,3,True
/lustre/isaac24/scratch/eopoku2/downey_cross_sucking_videos_2024/2 weeks post-grouping (not annotated)/Group 5 Week 2/Cam 8/N884A6_ch8_main_20241026083002_20241026090002.mp4,-9223372036854775808,-9223372036854775808,-9223372036854775808,26991,14.993667229579591,949361250,256,3,True
/lustre/isaac24/scratch/eopoku2/downey_cross_sucking_videos_2024/2 weeks post-grouping (not annotated)/Group 5 Week 2/Cam 8/N884A6_ch8_main_20241026090002_20241026093002.mp4,-9223372036854775808,-9223372036854775808,-9223372036854775808,26995,14.993806966191034,949395182,256,3,True
/lustre/isaac24/scratch/eopoku2/downey_cross_sucking_videos_2024/2 weeks post-grouping (not annotated)/Group 5 Week 2/Cam 8/N884A6_ch8_main_20241026093002_20241026100002.mp4,-9223372036854775808,-9223372036854775808,-9223372036854775808,26991,14.993667229579591,949275807,256,3,True
/lustre/isaac24/scratch/eopoku2/downey_cross_sucking_videos_2024/2 weeks post-grouping (not annotated)/Group 5 Week 2/Cam 8/N884A6_ch8_main_20241026100002_20241026103002.mp4,-9223372036854775808,-9223372036854775808,-9223372036854775808,26978,14.991525659192575,949138253,256,3,True
/lustre/isaac24/scratch/eopoku2/downey_cross_sucking_videos_2024/2 weeks post-grouping (not annotated)/Group 5 Week 2/Cam 8/N884A6_ch8_main_20241026103002_20241026110002.mp4,-9223372036854775808,-9223372036854775808,-9223372036854775808,26994,14.98983796270588,949501608,256,3,True
/lustre/isaac24/scratch/eopoku2/downey_cross_sucking_videos_2024/2 weeks post-grouping (not annotated)/Group 5 Week 2/Cam 8/N884A6_ch8_main_20241026110002_20241026113002.mp4,-9223372036854775808,-9223372036854775808,-9223372036854775808,26992,14.993722989412404,949519441,256,3,True
/lustre/isaac24/scratch/eopoku2/downey_cross_sucking_videos_2024/2 weeks post-grouping (not annotated)/Group 5 Week 2/Cam 8/N884A6_ch8_main_20241026113002_20241026120002.mp4,-9223372036854775808,-9223372036854775808,-9223372036854775808,26992,14.99472251541581,949489599,256,3,True
/lustre/isaac24/scratch/eopoku2/downey_cross_sucking_videos_2024/2 weeks post-grouping (not annotated)/Group 5 Week 2/Cam 8/N884A6_ch8_main_20241026120002_20241026123002.mp4,-9223372036854775808,-9223372036854775808,-9223372036854775808,26979,14.993581086713682,949234544,256,3,True
/lustre/isaac24/scratch/eopoku2/downey_cross_sucking_videos_2024/2 weeks post-grouping (not annotated)/Group 5 Week 2/Cam 8/N884A6_ch8_main_20241026123002_20241026130002.mp4,-9223372036854775808,-9223372036854775808,-9223372036854775808,26993,14.99386203180634,949346288,256,3,True
/lustre/isaac24/scratch/eopoku2/downey_cross_sucking_videos_2024/2 weeks post-grouping (not annotated)/Group 5 Week 2/Cam 8/N884A6_ch8_main_20241026130002_20241026133002.mp4,-9223372036854775808,-9223372036854775808,-9223372036854775808,26993,14.990781055624668,949530599,256,3,True
/lustre/isaac24/scratch/eopoku2/downey_cross_sucking_videos_2024/2 weeks post-grouping (not annotated)/Group 5 Week 2/Cam 8/N884A6_ch8_main_20241026133002_20241026140002.mp4,-9223372036854775808,-9223372036854775808,-9223372036854775808,26992,14.990142448560242,949369932,256,3,True
/lustre/isaac24/scratch/eopoku2/downey_cross_sucking_videos_2024/2 weeks post-grouping (not annotated)/Group 5 Week 2/Cam 8/N884A6_ch8_main_20241026140002_20241026143002.mp4,-9223372036854775808,-9223372036854775808,-9223372036854775808,26981,14.993942627232617,949331130,256,3,True
/lustre/isaac24/scratch/eopoku2/downey_cross_sucking_videos_2024/2 weeks post-grouping (not annotated)/Group 5 Week 2/Cam 8/N884A6_ch8_main_20241026143002_20241026150002.mp4,-9223372036854775808,-9223372036854775808,-9223372036854775808,26991,14.994000399973334,949207715,256,3,True
/lustre/isaac24/scratch/eopoku2/downey_cross_sucking_videos_2024/2 weeks post-grouping (not annotated)/Group 5 Week 2/Cam 8/N884A6_ch8_main_20241026150002_20241026153002.mp4,-9223372036854775808,-9223372036854775808,-9223372036854775808,26991,14.993583939294622,949294901,256,3,True
/lustre/isaac24/scratch/eopoku2/downey_cross_sucking_videos_2024/2 weeks post-grouping (not annotated)/Group 5 Week 2/Cam 8/N884A6_ch8_main_20241026153002_20241026160002.mp4,-9223372036854775808,-9223372036854775808,-9223372036854775808,26994,14.993584652043747,949394265,256,3,True
/lustre/isaac24/scratch/eopoku2/downey_cross_sucking_videos_2024/2 weeks post-grouping (not annotated)/Group 5 Week 2/Cam 8/N884A6_ch8_main_20241026160002_20241026163002.mp4,-9223372036854775808,-9223372036854775808,-9223372036854775808,26977,14.990553456323628,949273036,256,3,True
/lustre/isaac24/scratch/eopoku2/downey_cross_sucking_videos_2024/2 weeks post-grouping (not annotated)/Group 5 Week 2/Cam 8/N884A6_ch8_main_20241026163002_20241026170002.mp4,-9223372036854775808,-9223372036854775808,-9223372036854775808,26995,14.99055975122168,949447401,256,3,True
/lustre/isaac24/scratch/eopoku2/downey_cross_sucking_videos_2024/2 weeks post-grouping (not annotated)/Group 5 Week 2/Cam 8/N884A6_ch8_main_20241026170002_20241026173002.mp4,-9223372036854775808,-9223372036854775808,-9223372036854775808,26992,14.992973432353317,949510900,256,3,True
/lustre/isaac24/scratch/eopoku2/downey_cross_sucking_videos_2024/2 weeks post-grouping (not annotated)/Group 5 Week 2/Cam 8/N884A6_ch8_main_20241026173002_20241026180002.mp4,-9223372036854775808,-9223372036854775808,-9223372036854775808,26978,14.993108660857194,949282781,256,3,True
/lustre/isaac24/scratch/eopoku2/downey_cross_sucking_videos_2024/2 weeks post-grouping (not annotated)/Group 5 Week 2/Cam 8/N884A6_ch8_main_20241026180002_20241026183002.mp4,-9223372036854775808,-9223372036854775808,-9223372036854775808,26992,14.993806278156438,949424372,256,3,True
/lustre/isaac24/scratch/eopoku2/downey_cross_sucking_videos_2024/2 weeks post-grouping (not annotated)/Group 5 Week 2/Cam 8/N884A6_ch8_main_20241026183002_20241026190002.mp4,-9223372036854775808,-9223372036854775808,-9223372036854775808,26991,14.993583939294622,949615924,256,3,True
/lustre/isaac24/scratch/eopoku2/downey_cross_sucking_videos_2024/2 weeks post-grouping (not annotated)/Group 5 Week 2/Cam 8/N884A6_ch8_main_20241026190002_20241026193002.mp4,-9223372036854775808,-9223372036854775808,-9223372036854775808,26996,14.990615594771388,950259325,256,3,True
/lustre/isaac24/scratch/eopoku2/downey_cross_sucking_videos_2024/2 weeks post-grouping (not annotated)/Group 5 Week 2/Cam 8/N884A6_ch8_main_20241026193002_20241026200002.mp4,-9223372036854775808,-9223372036854775808,-9223372036854775808,26975,14.990191774427483,949157540,256,3,True
/lustre/isaac24/scratch/eopoku2/downey_cross_sucking_videos_2024/2 weeks post-grouping (not annotated)/Group 5 Week 2/Cam 8/N884A6_ch8_main_20241026200002_20241026203002.mp4,-9223372036854775808,-9223372036854775808,-9223372036854775808,26995,14.993806966191034,949432155,256,3,True
/lustre/isaac24/scratch/eopoku2/downey_cross_sucking_videos_2024/2 weeks post-grouping (not annotated)/Group 5 Week 2/Cam 8/N884A6_ch8_main_20241026203002_20241026210002.mp4,-9223372036854775808,-9223372036854775808,-9223372036854775808,26993,14.993945319009477,949512374,256,3,True
/lustre/isaac24/scratch/eopoku2/downey_cross_sucking_videos_2024/2 weeks post-grouping (not annotated)/Group 5 Week 2/Cam 8/N884A6_ch8_main_20241026210002_20241026213002.mp4,-9223372036854775808,-9223372036854775808,-9223372036854775808,26991,14.993667229579591,949459984,256,3,True
/lustre/isaac24/scratch/eopoku2/downey_cross_sucking_videos_2024/2 weeks post-grouping (not annotated)/Group 5 Week 2/Cam 8/N884A6_ch8_main_20241026213002_20241026220002.mp4,-9223372036854775808,-9223372036854775808,-9223372036854775808,26978,14.993525295807837,949290584,256,3,True
/lustre/isaac24/scratch/eopoku2/downey_cross_sucking_videos_2024/2 weeks post-grouping (not annotated)/Group 5 Week 2/Cam 8/N884A6_ch8_main_20241026220002_20241026223002.mp4,-9223372036854775808,-9223372036854775808,-9223372036854775808,26995,14.990476507793716,949505605,256,3,True
/lustre/isaac24/scratch/eopoku2/downey_cross_sucking_videos_2024/2 weeks post-grouping (not annotated)/Group 5 Week 2/Cam 8/N884A6_ch8_main_20241026223002_20241026230002.mp4,-9223372036854775808,-9223372036854775808,-9223372036854775808,26990,14.990113967076178,949481299,256,3,True
/lustre/isaac24/scratch/eopoku2/downey_cross_sucking_videos_2024/2 weeks post-grouping (not annotated)/Group 5 Week 2/Cam 8/N884A6_ch8_main_20241026230002_20241026233002.mp4,-9223372036854775808,-9223372036854775808,-9223372036854775808,26994,14.99366793308005,949490003,256,3,True
/lustre/isaac24/scratch/eopoku2/downey_cross_sucking_videos_2024/2 weeks post-grouping (not annotated)/Group 5 Week 2/Cam 8/N884A6_ch8_main_20241026233002_20241027000000.mp4,-9223372036854775808,-9223372036854775808,-9223372036854775808,26946,14.99323952125795,948234238,256,3,True
/lustre/isaac24/scratch/eopoku2/downey_cross_sucking_videos_2024/2 weeks post-grouping (not annotated)/Group 5 Week 2/Cam 8/N884A6_ch8_main_20241027000000_20241027003002.mp4,-9223372036854775808,-9223372036854775808,-9223372036854775808,27024,14.993674959497548,950534456,256,3,True
/lustre/isaac24/scratch/eopoku2/downey_cross_sucking_videos_2024/2 weeks post-grouping (not annotated)/Group 5 Week 2/Cam 8/N884A6_ch8_main_20241027003002_20241027010002.mp4,-9223372036854775808,-9223372036854775808,-9223372036854775808,26992,14.992973432353317,949461464,256,3,True
/lustre/isaac24/scratch/eopoku2/downey_cross_sucking_videos_2024/2 weeks post-grouping (not annotated)/Group 5 Week 2/Cam 8/N884A6_ch8_main_20241027010002_20241027013002.mp4,-9223372036854775808,-9223372036854775808,-9223372036854775808,26992,14.98955973166289,950078802,256,3,True
/lustre/isaac24/scratch/eopoku2/downey_cross_sucking_videos_2024/2 weeks post-grouping (not annotated)/Group 5 Week 2/Cam 8/N884A6_ch8_main_20241027013002_20241027020002.mp4,-9223372036854775808,-9223372036854775808,-9223372036854775808,26980,14.990387927681658,949330215,256,3,True
/lustre/isaac24/scratch/eopoku2/downey_cross_sucking_videos_2024/2 weeks post-grouping (not annotated)/Group 5 Week 2/Cam 8/N884A6_ch8_main_20241027020002_20241027023002.mp4,-9223372036854775808,-9223372036854775808,-9223372036854775808,26990,14.993944646289568,949423897,256,3,True
/lustre/isaac24/scratch/eopoku2/downey_cross_sucking_videos_2024/2 weeks post-grouping (not annotated)/Group 5 Week 2/Cam 8/N884A6_ch8_main_20241027023002_20241027030002.mp4,-9223372036854775808,-9223372036854775808,-9223372036854775808,26994,14.99366793308005,949539837,256,3,True
/lustre/isaac24/scratch/eopoku2/downey_cross_sucking_videos_2024/2 weeks post-grouping (not annotated)/Group 5 Week 2/Cam 8/N884A6_ch8_main_20241027030002_20241027033002.mp4,-9223372036854775808,-9223372036854775808,-9223372036854775808,26993,14.993945319009477,949492435,256,3,True
/lustre/isaac24/scratch/eopoku2/downey_cross_sucking_videos_2024/2 weeks post-grouping (not annotated)/Group 5 Week 2/Cam 8/N884A6_ch8_main_20241027033002_20241027040002.mp4,-9223372036854775808,-9223372036854775808,-9223372036854775808,26975,14.993941280446457,949108138,256,3,True
/lustre/isaac24/scratch/eopoku2/downey_cross_sucking_videos_2024/2 weeks post-grouping (not annotated)/Group 5 Week 2/Cam 8/N884A6_ch8_main_20241027040002_20241027043002.mp4,-9223372036854775808,-9223372036854775808,-9223372036854775808,26993,14.9908643086031,949462931,256,3,True
/lustre/isaac24/scratch/eopoku2/downey_cross_sucking_videos_2024/2 weeks post-grouping (not annotated)/Group 5 Week 2/Cam 8/N884A6_ch8_main_20241027043002_20241027050000.mp4,-9223372036854775808,-9223372036854775808,-9223372036854775808,26962,14.990131487504517,948387655,256,3,True
